 ABQ 20030101  2.37  2.24  0.67  0.23  0.10 315.8
 ABQ 20030102  2.69  2.61  0.81  0.17  0.02 284.5
 ABQ 20030103  2.87  2.67  0.51  0.40  0.09 269.8
 ABQ 20030104  2.56  2.30  0.50  0.35  0.10 300.3
 ABQ 20030105  2.58  2.36  0.54  0.33  0.10 300.8
 ABQ 20030106  2.37  1.84  0.26  0.29  0.28 326.7
 ABQ 20030107  2.23  2.00  0.59  0.26  0.08 348.3
 ABQ 20030108  2.53  2.09  0.45  0.26  0.14 313.3
 ABQ 20030109  3.16  2.56  0.19  0.46  0.24 258.8
 ABQ 20030110  2.96  2.12  0.02  0.41  0.36 275.4
 ABQ 20030111  2.75  1.79  0.00  0.35  0.32 295.3
 ABQ 20030112  2.78  2.52  0.67  0.19  0.07 296.3
 ABQ 20030113  3.14  2.79  0.37  0.45  0.15 269.0
 ABQ 20030114  3.40  3.05  0.63  0.24  0.04 253.5
 ABQ 20030115  3.24  2.88  0.48  0.33  0.14 267.3
 ABQ 20030116  3.00  2.87  0.68  0.27  0.06 288.5
 ABQ 20030117  2.96  2.69  0.42  0.44  0.13 294.6
 ABQ 20030118  2.83  2.75  0.78  0.21  0.01 309.7
 ABQ 20030119  2.72  2.65  0.85  0.14  0.01 324.3
 ABQ 20030120  3.06  2.64  0.30  0.46  0.19 294.8
 ABQ 20030121  3.01  2.61  0.41  0.32  0.21 301.7
 ABQ 20030122  2.78  2.61  0.73  0.19  0.05 328.7
 ABQ 20030123  3.49  2.74  0.19  0.39  0.28 271.6
 ABQ 20030124  3.52  2.61  0.08  0.43  0.30 273.4
 ABQ 20030125  3.43  2.92  0.30  0.47  0.15 283.5
 ABQ 20030126  3.07  2.98  0.89  0.09  0.00 316.4
 ABQ 20030127  3.60  3.46  0.73  0.24  0.03 278.1
 ABQ 20030128  3.56  3.21  0.45  0.37  0.16 284.2
 ABQ 20030129  3.36  2.82  0.34  0.41  0.14 302.9
 ABQ 20030130  3.22  3.07  0.74  0.21  0.04 318.4
 ABQ 20030131  3.44  3.19  0.52  0.38  0.09 303.0
 ABQ 20030201  3.50  3.31  0.70  0.25  0.03 303.6
 ABQ 20030202  3.50  3.16  0.51  0.31  0.15 307.6
 ABQ 20030203  3.06  2.48  0.28  0.35  0.25 352.0
 ABQ 20030204  3.59  3.29  0.52  0.33  0.14 309.9
 ABQ 20030205  3.37  2.82  0.14  0.58  0.22 332.0
 ABQ 20030206  3.13  2.50  0.18  0.47  0.22 359.9
 ABQ 20030207  3.39  2.39  0.10  0.32  0.33 339.2
 ABQ 20030208  3.12  1.52  0.00  0.12  0.25 369.8
 ABQ 20030209  3.22  2.92  0.40  0.44  0.16 364.9
 ABQ 20030210  3.20  3.10  0.76  0.21  0.04 371.4
 ABQ 20030211  3.95  3.67  0.62  0.27  0.09 313.0
 ABQ 20030212  4.41  3.29  0.06  0.44  0.33 289.1
 ABQ 20030213  4.52  2.07  0.00  0.09  0.22 287.3
 ABQ 20030214  4.28  2.85  0.10  0.26  0.32 304.8
 ABQ 20030215  4.03  3.41  0.40  0.31  0.20 325.8
 ABQ 20030216  4.38  3.66  0.38  0.34  0.16 307.3
 ABQ 20030217  4.46  3.13  0.00  0.43  0.33 306.4
 ABQ 20030218  4.68  3.28  0.00  0.41  0.36 298.1
 ABQ 20030219  4.49  3.76  0.27  0.47  0.16 313.2
 ABQ 20030220  4.22  2.19  0.00  0.16  0.27 335.1
 ABQ 20030221  4.41  4.00  0.51  0.32  0.15 326.9
 ABQ 20030222  4.25  3.84  0.38  0.45  0.17 342.7
 ABQ 20030223  4.44  4.05  0.37  0.50  0.14 334.7
 ABQ 20030224  4.50  3.30  0.05  0.44  0.31 335.1
 ABQ 20030225  4.37  3.01  0.04  0.37  0.32 348.5
 ABQ 20030226  4.06  2.68  0.01  0.34  0.34 376.4
 ABQ 20030227  4.16  3.15  0.18  0.37  0.26 373.9
 ABQ 20030228  3.95  3.08  0.22  0.37  0.25 396.9
 ABQ 20030301  4.01  3.07  0.15  0.38  0.31 395.9
 ABQ 20030302  3.99  2.53  0.00  0.28  0.38 403.3
 ABQ 20030303  4.94  4.68  0.70  0.23  0.06 338.9
 ABQ 20030304  4.77  3.18  0.05  0.27  0.39 353.9
 ABQ 20030305  4.48  3.74  0.35  0.31  0.25 378.9
 ABQ 20030306  5.04  4.91  0.82  0.17  0.01 346.0
 ABQ 20030307  5.47  5.18  0.69  0.24  0.06 326.1
 ABQ 20030308  5.54  5.37  0.80  0.18  0.02 326.8
 ABQ 20030309  5.90  5.65  0.71  0.26  0.03 314.0
 ABQ 20030310  5.50  5.32  0.74  0.26  0.00 337.3
 ABQ 20030311  5.68  5.26  0.51  0.40  0.08 331.7
 ABQ 20030312  5.41  4.92  0.37  0.50  0.13 350.1
 ABQ 20030313  5.57  5.35  0.72  0.26  0.02 345.6
 ABQ 20030314  6.07  5.26  0.32  0.44  0.19 324.3
 ABQ 20030315  5.92  5.19  0.36  0.44  0.15 335.5
 ABQ 20030316  5.58  3.85  0.03  0.37  0.34 357.1
 ABQ 20030317  5.80  4.47  0.18  0.39  0.26 349.2
 ABQ 20030318  5.30  3.34  0.00  0.31  0.33 382.1
 ABQ 20030319  5.62  3.71  0.10  0.25  0.32 367.1
 ABQ 20030320  6.52  4.96  0.24  0.31  0.25 326.1
 ABQ 20030321  6.09  4.32  0.10  0.35  0.30 349.7
 ABQ 20030322  6.08  5.76  0.67  0.28  0.04 353.9
 ABQ 20030323  6.89  6.37  0.46  0.45  0.09 321.1
 ABQ 20030324  6.98  6.25  0.39  0.46  0.12 320.7
 ABQ 20030325  6.22  5.38  0.39  0.38  0.16 357.7
 ABQ 20030326  7.38  6.49  0.34  0.44  0.19 312.3
 ABQ 20030327  7.19  6.15  0.23  0.50  0.23 322.0
 ABQ 20030328  5.47  4.65  0.27  0.45  0.22 411.0
 ABQ 20030329  5.15  4.92  0.72  0.25  0.02 437.3
 ABQ 20030330  6.57  6.27  0.69  0.26  0.05 357.4
 ABQ 20030331  7.50  7.24  0.76  0.22  0.02 322.2
 ABQ 20030401  7.78  7.33  0.62  0.30  0.08 315.5
 ABQ 20030402  7.61  6.72  0.34  0.49  0.13 323.7
 ABQ 20030403  7.32  6.69  0.52  0.37  0.08 337.7
 ABQ 20030404  7.34  7.03  0.66  0.33  0.01 339.3
 ABQ 20030405  7.74  6.94  0.41  0.44  0.12 326.6
 ABQ 20030406  6.97  6.20  0.34  0.50  0.13 360.0
 ABQ 20030407  6.91  6.59  0.62  0.37  0.01 365.6
 ABQ 20030408  7.17  6.92  0.72  0.28  0.00 356.8
 ABQ 20030409  7.94  7.67  0.73  0.27  0.00 329.4
 ABQ 20030410  8.11  6.91  0.21  0.53  0.21 325.7
 ABQ 20030411  7.64  6.74  0.24  0.59  0.15 345.7
 ABQ 20030412  8.73  8.15  0.54  0.40  0.05 310.8
 ABQ 20030413  8.36  7.63  0.45  0.44  0.09 324.0
 ABQ 20030414  8.66  7.78  0.38  0.49  0.10 316.8
 ABQ 20030415  8.66  7.65  0.36  0.46  0.14 318.7
 ABQ 20030416  9.49  9.04  0.65  0.32  0.03 297.0
 ABQ 20030417 10.12  8.45  0.12  0.60  0.22 283.4
 ABQ 20030418  8.80  7.59  0.22  0.56  0.18 320.2
 ABQ 20030419  7.98  5.51  0.13  0.31  0.26 349.5
 ABQ 20030420  8.62  7.96  0.47  0.45  0.07 329.2
 ABQ 20030421  8.88  7.01  0.08  0.49  0.33 323.1
 ABQ 20030422  8.35  7.35  0.33  0.49  0.14 342.1
 ABQ 20030423  7.52  6.03  0.18  0.43  0.28 375.2
 ABQ 20030424  8.28  7.67  0.49  0.44  0.06 347.8
 ABQ 20030425  8.73  8.23  0.56  0.40  0.04 334.2
 ABQ 20030426  8.90  8.35  0.57  0.38  0.04 330.0
 ABQ 20030427  8.86  8.00  0.39  0.48  0.11 333.1
 ABQ 20030428  9.00  8.40  0.53  0.41  0.05 329.9
 ABQ 20030429  9.20  8.39  0.45  0.44  0.09 325.2
 ABQ 20030430  8.87  8.36  0.56  0.40  0.04 337.2
 ABQ 20030501  8.47  7.61  0.36  0.50  0.12 351.5
 ABQ 20030502  8.70  8.12  0.54  0.40  0.05 345.1
 ABQ 20030503 10.06  9.50  0.62  0.34  0.03 307.0
 ABQ 20030504  8.97  8.02  0.40  0.46  0.10 338.9
 ABQ 20030505  8.79  8.09  0.49  0.42  0.07 345.4
 ABQ 20030506  8.48  7.12  0.18  0.53  0.23 357.1
 ABQ 20030507  9.40  8.57  0.43  0.44  0.12 328.8
 ABQ 20030508 10.02  9.19  0.52  0.38  0.07 312.9
 ABQ 20030509  9.30  8.67  0.59  0.34  0.05 334.1
 ABQ 20030510  9.22  8.82  0.65  0.34  0.01 337.6
 ABQ 20030511  9.83  9.42  0.65  0.35  0.00 320.8
 ABQ 20030512 10.58  9.55  0.39  0.48  0.11 302.3
 ABQ 20030513 10.39  8.89  0.16  0.61  0.19 307.8
 ABQ 20030514 10.36  8.54  0.00  0.70  0.25 309.2
 ABQ 20030515 10.76  8.77  0.14  0.50  0.28 299.9
 ABQ 20030516  9.67  9.30  0.68  0.32  0.00 328.5
 ABQ 20030517 11.45 10.67  0.52  0.42  0.05 286.4
 ABQ 20030518 11.66 10.37  0.30  0.54  0.14 282.7
 ABQ 20030519 11.13 10.54  0.59  0.38  0.03 294.4
 ABQ 20030520 10.57  8.88  0.20  0.50  0.24 307.9
 ABQ 20030521 10.07  9.12  0.40  0.48  0.10 321.1
 ABQ 20030522 10.43  9.72  0.48  0.46  0.06 312.6
 ABQ 20030523 10.59  9.11  0.14  0.64  0.19 308.8
 ABQ 20030524 10.63  9.04  0.18  0.57  0.20 308.4
 ABQ 20030525 10.54  8.21  0.06  0.48  0.35 311.0
 ABQ 20030526 10.47  8.77  0.12  0.59  0.24 313.2
 ABQ 20030527  9.90  8.69  0.26  0.56  0.15 328.2
 ABQ 20030528 10.41  8.97  0.19  0.60  0.17 315.5
 ABQ 20030529 10.74  9.52  0.31  0.53  0.13 307.8
 ABQ 20030530 10.84  9.52  0.26  0.56  0.15 305.7
 ABQ 20030531 10.52  8.61  0.07  0.58  0.29 314.1
 ABQ 20030601 10.88  9.27  0.14  0.62  0.20 305.5
 ABQ 20030602 10.56  9.85  0.49  0.45  0.06 313.4
 ABQ 20030603 10.35  9.50  0.40  0.50  0.10 318.9
 ABQ 20030604 10.28  9.54  0.50  0.43  0.06 320.8
 ABQ 20030605 10.35  9.22  0.31  0.53  0.14 319.2
 ABQ 20030606  9.84  9.10  0.48  0.44  0.07 333.2
 ABQ 20030607  9.98  9.25  0.48  0.45  0.06 329.3
 ABQ 20030608  9.96  8.69  0.24  0.56  0.17 330.2
 ABQ 20030609 10.38  8.82  0.12  0.64  0.20 319.4
 ABQ 20030610 10.16  9.63  0.59  0.38  0.03 325.0
 ABQ 20030611  9.93  9.46  0.62  0.36  0.02 331.5
 ABQ 20030612 10.19  9.43  0.49  0.43  0.07 324.3
 ABQ 20030613 10.06  9.24  0.44  0.47  0.08 328.0
 ABQ 20030614  9.70  9.10  0.52  0.43  0.05 338.3
 ABQ 20030615 10.65  9.64  0.36  0.51  0.12 313.1
 ABQ 20030616 10.71  9.49  0.28  0.55  0.15 311.7
 ABQ 20030617 10.58  7.97  0.01  0.41  0.47 315.0
 ABQ 20030618 10.40  7.18  0.00  0.30  0.49 319.5
 ABQ 20030619 10.63  8.18  0.13  0.39  0.34 313.8
 ABQ 20030620 10.07  9.10  0.42  0.46  0.09 328.0
 ABQ 20030621 10.29  9.89  0.69  0.30  0.01 322.1
 ABQ 20030622 10.72 10.31  0.70  0.29  0.01 311.5
 ABQ 20030623 11.33 10.79  0.65  0.31  0.04 297.1
 ABQ 20030624 11.43 10.98  0.69  0.30  0.01 295.0
 ABQ 20030625 11.49 10.95  0.65  0.32  0.03 293.7
 ABQ 20030626 11.53 10.91  0.60  0.36  0.04 292.9
 ABQ 20030627 10.73  9.93  0.49  0.43  0.07 310.8
 ABQ 20030628 10.41  9.63  0.49  0.43  0.07 318.5
 ABQ 20030629 10.27  9.13  0.27  0.56  0.16 321.8
 ABQ 20030630 10.60  9.63  0.39  0.49  0.11 313.6
 ABQ 20030701 10.95 10.21  0.50  0.43  0.07 304.7
 ABQ 20030702 10.98 10.34  0.56  0.39  0.05 303.7
 ABQ 20030703 10.82  9.96  0.46  0.45  0.08 307.5
 ABQ 20030704 10.90  9.90  0.39  0.49  0.11 305.3
 ABQ 20030705 11.20 10.15  0.40  0.48  0.10 297.9
 ABQ 20030706 11.30 10.09  0.34  0.50  0.14 295.7
 ABQ 20030707 11.12 10.61  0.61  0.36  0.04 299.2
 ABQ 20030708 10.76 10.45  0.78  0.22  0.00 307.5
 ABQ 20030709 11.22 11.01  0.83  0.18  0.00 296.7
 ABQ 20030710 11.31 10.87  0.68  0.32  0.00 294.6
 ABQ 20030711 11.21 10.76  0.66  0.34  0.00 296.2
 ABQ 20030712 10.78 10.19  0.58  0.38  0.04 305.7
 ABQ 20030713 10.79  9.93  0.42  0.49  0.09 305.1
 ABQ 20030714 10.97  9.96  0.38  0.50  0.11 300.2
 ABQ 20030715 10.99  9.82  0.30  0.54  0.15 299.4
 ABQ 20030716 10.93  9.38  0.19  0.58  0.19 300.4
 ABQ 20030717 10.74  9.55  0.38  0.44  0.15 304.5
 ABQ 20030718 10.54  9.51  0.40  0.46  0.12 309.2
 ABQ 20030719 10.95 10.10  0.50  0.42  0.06 298.7
 ABQ 20030720 11.02  9.67  0.27  0.54  0.16 296.8
 ABQ 20030721 11.14  9.78  0.23  0.58  0.17 293.7
 ABQ 20030722 10.94  9.72  0.34  0.50  0.13 297.3
 ABQ 20030723 10.95  9.54  0.23  0.57  0.17 296.5
 ABQ 20030724 10.73  9.23  0.16  0.61  0.20 300.6
 ABQ 20030725 10.68  9.36  0.26  0.55  0.16 301.2
 ABQ 20030726 10.46  8.95  0.18  0.58  0.20 306.1
 ABQ 20030727 10.56  9.33  0.30  0.53  0.14 302.8
 ABQ 20030728 10.45  8.36  0.14  0.41  0.37 304.9
 ABQ 20030729 10.57  9.04  0.23  0.52  0.20 301.1
 ABQ 20030730 10.81  8.79  0.12  0.49  0.32 295.0
 ABQ 20030801 10.86  9.49  0.25  0.55  0.17 292.3
 ABQ 20030802 11.04  9.48  0.19  0.58  0.19 287.6
 ABQ 20030803 11.04  9.60  0.22  0.57  0.18 286.5
 ABQ 20030804 10.80  9.89  0.47  0.43  0.08 290.9
 ABQ 20030805 10.76  9.78  0.39  0.49  0.11 290.8
 ABQ 20030806 10.91  9.58  0.28  0.53  0.16 286.6
 ABQ 20030807 10.21  8.90  0.23  0.57  0.17 301.5
 ABQ 20030808 10.05  8.77  0.24  0.56  0.17 304.7
 ABQ 20030810 10.59  9.63  0.41  0.46  0.12 289.6
 ABQ 20030811 10.03  9.06  0.39  0.48  0.11 301.4
 ABQ 20030812 10.11  9.19  0.43  0.45  0.10 298.0
 ABQ 20030813  9.92  9.21  0.54  0.37  0.08 301.5
 ABQ 20030814  9.46  8.57  0.42  0.45  0.11 312.7
 ABQ 20030815  9.73  8.23  0.17  0.56  0.22 303.9
 ABQ 20030816  9.48  8.06  0.15  0.59  0.22 309.2
 ABQ 20030817  9.94  8.04  0.10  0.50  0.33 296.0
 ABQ 20030818  9.70  8.68  0.34  0.51  0.13 300.4
 ABQ 20030819  9.98  8.78  0.29  0.52  0.16 292.3
 ABQ 20030820  9.84  8.82  0.35  0.50  0.13 294.0
 ABQ 20030821  9.97  8.99  0.38  0.49  0.11 289.5
 ABQ 20030822 10.35  9.24  0.33  0.51  0.14 278.6
 ABQ 20030823 10.18  9.05  0.31  0.52  0.15 281.0
 ABQ 20030824  9.70  8.24  0.25  0.46  0.24 291.1
 ABQ 20030825  9.76  8.52  0.25  0.55  0.17 288.0
 ABQ 20030826  9.60  8.32  0.21  0.57  0.19 290.2
 ABQ 20030827  9.58  8.20  0.18  0.58  0.20 288.9
 ABQ 20030828  9.98  8.14  0.13  0.49  0.31 277.1
 ABQ 20030829  9.96  8.12  0.11  0.52  0.30 276.2
 ABQ 20030830  9.45  8.35  0.32  0.50  0.15 286.8
 ABQ 20030831  9.43  8.72  0.54  0.37  0.07 285.1
 ABQ 20030901  9.41  8.65  0.51  0.39  0.08 283.5
 ABQ 20030902  9.15  8.25  0.42  0.45  0.10 288.2
 ABQ 20030903  9.27  8.02  0.20  0.58  0.19 282.8
 ABQ 20030904  9.29  7.83  0.21  0.48  0.26 280.1
 ABQ 20030905  9.00  7.82  0.22  0.57  0.18 285.6
 ABQ 20030906  9.01  7.32  0.15  0.44  0.34 283.1
 ABQ 20030907  8.58  7.96  0.47  0.45  0.08 292.6
 ABQ 20030908  8.79  8.44  0.66  0.34  0.00 284.5
 ABQ 20030909  8.50  7.40  0.27  0.50  0.20 290.1
 ABQ 20030910  8.76  7.16  0.19  0.41  0.33 280.2
 ABQ 20030911  7.99  7.71  0.72  0.28  0.00 299.7
 ABQ 20030912  8.61  8.13  0.59  0.36  0.05 279.3
 ABQ 20030913  8.19  7.73  0.58  0.37  0.05 288.8
 ABQ 20030914  8.54  7.82  0.50  0.38  0.10 275.9
 ABQ 20030915  8.37  7.76  0.55  0.37  0.06 278.3
 ABQ 20030916  8.12  7.82  0.70  0.30  0.00 283.1
 ABQ 20030917  8.03  7.64  0.63  0.34  0.03 283.0
 ABQ 20030918  7.96  7.63  0.66  0.31  0.04 282.2
 ABQ 20030919  7.90  7.36  0.57  0.34  0.08 281.1
 ABQ 20030920  7.64  7.37  0.72  0.28  0.00 286.4
 ABQ 20030921  7.54  7.31  0.76  0.24  0.00 286.5
 ABQ 20030922  7.58  7.30  0.68  0.31  0.02 282.3
 ABQ 20030923  8.06  7.76  0.70  0.30  0.00 265.4
 ABQ 20030924  7.99  7.79  0.81  0.19  0.00 264.4
 ABQ 20030925  7.76  7.29  0.60  0.32  0.08 268.1
 ABQ 20030926  7.27  7.04  0.71  0.29  0.01 279.6
 ABQ 20030927  7.14  6.79  0.64  0.32  0.04 280.8
 ABQ 20030928  6.91  6.63  0.65  0.33  0.03 285.5
 ABQ 20030929  6.78  6.55  0.74  0.26  0.00 287.1
 ABQ 20030930  6.76  6.55  0.76  0.24  0.00 284.4
 ABQ 20031001  6.76  6.32  0.57  0.36  0.06 280.8
 ABQ 20031002  6.82  5.44  0.15  0.45  0.29 275.1
 ABQ 20031003  6.87  3.91  0.10  0.18  0.20 270.6
 ABQ 20031004  6.56  4.93  0.14  0.39  0.28 277.7
 ABQ 20031005  6.48  5.81  0.38  0.46  0.14 277.0
 ABQ 20031006  6.24  5.71  0.40  0.49  0.11 282.8
 ABQ 20031007  6.18  4.66  0.07  0.44  0.33 281.6
 ABQ 20031008  6.00  4.01  0.08  0.29  0.32 285.1
 ABQ 20031009  5.99  5.65  0.63  0.32  0.04 281.8
 ABQ 20031010  6.35  4.32  0.00  0.38  0.35 265.0
 ABQ 20031011  6.34  5.32  0.44  0.29  0.14 261.9
 ABQ 20031012  6.25  5.03  0.32  0.32  0.21 261.9
 ABQ 20031013  6.38  5.95  0.50  0.41  0.10 253.8
 ABQ 20031014  6.10  5.87  0.73  0.25  0.02 260.3
 ABQ 20031015  5.91  5.61  0.66  0.28  0.06 263.8
 ABQ 20031017  5.42  5.27  0.76  0.24  0.01 275.9
 ABQ 20031018  5.41  5.26  0.78  0.22  0.00 272.4
 ABQ 20031019  5.22  5.08  0.80  0.20  0.00 277.4
 ABQ 20031020  5.22  5.13  0.84  0.17  0.00 273.6
 ABQ 20031021  5.13  5.01  0.84  0.16  0.00 274.2
 ABQ 20031022  5.61  5.34  0.63  0.34  0.03 250.5
 ABQ 20031023  5.68  5.50  0.77  0.23  0.00 245.1
 ABQ 20031024  5.58  5.12  0.66  0.24  0.04 245.1
 ABQ 20031025  4.92  4.12  0.32  0.39  0.19 269.0
 ABQ 20031026  4.53  4.27  0.64  0.29  0.06 284.8
 ABQ 20031027  5.03  4.63  0.58  0.26  0.15 256.7
 ABQ 20031028  5.26  4.69  0.40  0.40  0.18 243.7
 ABQ 20031029  4.75  4.43  0.62  0.27  0.10 262.1
 ABQ 20031030  4.40  3.98  0.44  0.39  0.16 276.2
 ABQ 20031031  4.39  3.61  0.12  0.52  0.30 273.1
 ABQ 20031101  4.51  3.53  0.08  0.50  0.30 263.8
 ABQ 20031102  4.34  3.53  0.15  0.52  0.23 268.8
 ABQ 20031103  4.58  3.76  0.20  0.46  0.25 253.1
 ABQ 20031104  4.13  3.76  0.60  0.26  0.09 273.0
 ABQ 20031105  3.78  3.41  0.45  0.40  0.12 291.0
 ABQ 20031106  3.78  3.12  0.13  0.55  0.25 287.2
 ABQ 20031107  3.68  2.63  0.01  0.42  0.36 289.5
 ABQ 20031108  3.69  3.02  0.22  0.45  0.23 285.9
 ABQ 20031109  3.89  2.57  0.00  0.32  0.39 269.7
 ABQ 20031110  3.91  2.92  0.02  0.45  0.38 265.2
 ABQ 20031111  3.99  2.87  0.00  0.44  0.36 257.3
 ABQ 20031112  3.96  2.09  0.00  0.18  0.26 255.9
 ABQ 20031113  3.73  1.81  0.00  0.10  0.27 266.1
 ABQ 20031114  3.57  2.61  0.37  0.13  0.22 272.8
 ABQ 20031115  3.61  3.32  0.69  0.20  0.05 266.9
 ABQ 20031116  3.60  3.03  0.21  0.52  0.20 264.1
 ABQ 20031117  3.10  2.58  0.34  0.31  0.26 297.2
 ABQ 20031118  3.41  3.29  0.77  0.19  0.04 270.6
 ABQ 20031119  3.65  3.60  0.89  0.12  0.00 252.2
 ABQ 20031120  3.78  3.60  0.70  0.23  0.07 242.5
 ABQ 20031121  3.64  3.38  0.54  0.34  0.12 247.7
 ABQ 20031122  3.59  3.21  0.31  0.48  0.22 248.7
 ABQ 20031123  2.70  2.60  0.75  0.19  0.07 316.1
 ABQ 20031124  3.03  2.89  0.68  0.28  0.04 282.7
 ABQ 20031125  2.98  2.23  0.06  0.43  0.35 283.7
 ABQ 20031126  2.85  2.59  0.43  0.41  0.16 292.3
 ABQ 20031127  2.88  2.73  0.73  0.20  0.06 286.3
 ABQ 20031128  2.97  2.86  0.74  0.24  0.02 276.4
 ABQ 20031129  3.12  2.71  0.33  0.40  0.24 263.7
 ABQ 20031130  3.17  2.85  0.41  0.41  0.17 258.1
 ABQ 20031201  3.30  2.96  0.64  0.20  0.08 247.3
 ABQ 20031202  3.21  2.78  0.38  0.39  0.16 251.1
 ABQ 20031203  3.06  2.86  0.71  0.21  0.04 260.3
 ABQ 20031204  2.88  2.72  0.71  0.23  0.04 272.4
 ABQ 20031205  2.98  2.59  0.48  0.32  0.11 263.0
 ABQ 20031206  2.81  2.33  0.30  0.38  0.22 274.0
 ABQ 20031207  2.76  2.23  0.20  0.41  0.29 276.2
 ABQ 20031208  2.66  1.66  0.07  0.25  0.28 285.0
 ABQ 20031209  2.57  2.36  0.63  0.23  0.10 292.8
 ABQ 20031210  2.79  2.52  0.34  0.51  0.15 271.8
 ABQ 20031211  2.73  2.22  0.22  0.46  0.20 275.4
 ABQ 20031212  2.32  1.39  0.00  0.23  0.37 318.3
 ABQ 20031213  2.39  2.15  0.46  0.33  0.19 308.1
 ABQ 20031214  2.74  2.56  0.55  0.35  0.11 272.3
 ABQ 20031215  2.33  2.11  0.43  0.39  0.18 314.0
 ABQ 20031216  2.32  2.25  0.87  0.12  0.00 315.0
 ABQ 20031217  2.74  2.66  0.81  0.18  0.01 269.7
 ABQ 20031218  2.95  2.82  0.70  0.26  0.04 252.1
 ABQ 20031219  2.96  2.82  0.66  0.29  0.05 251.3
 ABQ 20031220  2.77  2.63  0.63  0.32  0.05 267.8
 ABQ 20031221  2.89  2.45  0.19  0.49  0.29 257.9
 ABQ 20031222  2.43  1.98  0.32  0.34  0.21 301.3
 ABQ 20031223  2.47  2.43  0.90  0.10  0.00 296.8
 ABQ 20031224  2.64  2.28  0.37  0.40  0.16 280.1
 ABQ 20031225  2.70  2.22  0.25  0.39  0.27 274.3
 ABQ 20031226  2.85  2.06  0.10  0.39  0.27 262.4
 ABQ 20031227  2.62  2.21  0.34  0.38  0.19 282.7
 ABQ 20031228  2.41  2.22  0.59  0.27  0.12 304.8
 ABQ 20031229  2.43  2.16  0.44  0.36  0.17 303.0
 ABQ 20031230  2.48  1.92  0.04  0.50  0.34 297.2
 ABQ 20031231  2.46  1.93  0.08  0.50  0.31 300.0
