 ACY 20020101  1.42  1.21  0.31  0.41  0.21 347.0
 ACY 20020102  1.63  1.44  0.42  0.37  0.18 308.5
 ACY 20020103  1.55  1.09  0.03  0.42  0.30 325.2
 ACY 20020104  1.51  1.31  0.27  0.47  0.23 336.2
 ACY 20020105  1.68  1.35  0.18  0.45  0.26 306.4
 ACY 20020106  1.71  0.96  0.00  0.21  0.31 304.2
 ACY 20020107  1.63  0.80  0.00  0.12  0.25 320.2
 ACY 20020108  1.52  1.37  0.36  0.45  0.19 344.3
 ACY 20020109  1.58  1.07  0.06  0.36  0.28 335.9
 ACY 20020110  1.58  0.92  0.00  0.23  0.33 338.6
 ACY 20020111  1.60  0.94  0.10  0.28  0.10 337.5
 ACY 20020112  1.68  1.49  0.30  0.50  0.19 325.5
 ACY 20020113  1.65  1.46  0.35  0.40  0.25 336.4
 ACY 20020114  1.79  1.33  0.16  0.39  0.23 315.0
 ACY 20020115  1.94  1.39  0.09  0.38  0.29 295.8
 ACY 20020116  2.02  1.66  0.22  0.45  0.24 289.4
 ACY 20020117  1.86  1.32  0.03  0.42  0.32 315.0
 ACY 20020118  1.64  1.44  0.27  0.49  0.23 359.2
 ACY 20020119  1.98  0.83  0.00  0.05  0.18 305.7
 ACY 20020120  1.87  1.66  0.45  0.41  0.08 325.6
 ACY 20020121  2.48  1.15  0.08  0.16  0.00 254.9
 ACY 20020122  2.01  1.82  0.35  0.49  0.16 311.7
 ACY 20020123  2.29  1.09  0.16  0.09  0.00 281.5
 ACY 20020124  2.34  0.84  0.00  0.02  0.08 280.6
 ACY 20020125  2.12  1.93  0.46  0.37  0.17 311.7
 ACY 20020126  2.27  2.11  0.50  0.43  0.07 297.0
 ACY 20020127  2.50  2.35  0.56  0.39  0.05 276.1
 ACY 20020128  2.51  2.25  0.41  0.42  0.15 279.3
 ACY 20020129  2.73  1.83  0.09  0.34  0.24 263.4
 ACY 20020130  3.02  1.64  0.09  0.20  0.12 244.2
 ACY 20020131  3.34  1.18  0.00  0.01  0.08 226.4
 ACY 20020201  3.18  1.81  0.00  0.26  0.25 240.8
 ACY 20020202  2.33  2.13  0.48  0.38  0.13 321.1
 ACY 20020203  2.22  1.61  0.15  0.35  0.25 341.7
 ACY 20020204  1.98  1.16  0.00  0.19  0.39 387.6
 ACY 20020205  2.11  1.97  0.51  0.41  0.08 370.3
 ACY 20020206  2.30  2.09  0.39  0.47  0.14 348.5
 ACY 20020207  2.71  0.92  0.00  0.01  0.04 304.8
 ACY 20020208  2.98  2.75  0.46  0.45  0.09 285.0
 ACY 20020209  3.37  2.80  0.45  0.32  0.06 259.7
 ACY 20020210  2.86  1.97  0.17  0.31  0.19 304.1
 ACY 20020211  2.53  2.19  0.21  0.48  0.31 345.2
 ACY 20020212  2.66  2.26  0.39  0.39  0.11 336.5
 ACY 20020213  2.40  2.16  0.36  0.46  0.18 375.5
 ACY 20020214  2.67  2.49  0.52  0.39  0.09 345.9
 ACY 20020215  3.06  2.79  0.45  0.43  0.11 312.6
 ACY 20020216  2.68  1.98  0.04  0.45  0.33 356.5
 ACY 20020217  2.60  1.50  0.04  0.16  0.34 372.6
 ACY 20020218  2.84  2.68  0.63  0.30  0.07 349.5
 ACY 20020219  3.03  2.78  0.42  0.46  0.12 334.9
 ACY 20020220  3.15  2.15  0.05  0.37  0.29 328.6
 ACY 20020221  3.23  2.25  0.04  0.38  0.33 327.2
 ACY 20020222  3.35  2.41  0.05  0.38  0.36 321.9
 ACY 20020223  3.02  2.61  0.24  0.49  0.25 359.6
 ACY 20020224  3.56  3.16  0.54  0.31  0.06 315.5
 ACY 20020225  4.11  3.62  0.45  0.40  0.07 283.7
 ACY 20020226  3.24  2.51  0.17  0.43  0.23 354.4
 ACY 20020227  3.42  1.64  0.00  0.12  0.23 342.3
 ACY 20020228  3.29  3.04  0.48  0.40  0.13 360.4
 ACY 20020301  3.67  3.31  0.36  0.48  0.16 332.2
 ACY 20020302  4.31  2.49  0.06  0.20  0.26 293.4
 ACY 20020303  4.36  1.54  0.00  0.02  0.06 294.6
 ACY 20020304  3.88  2.94  0.06  0.48  0.30 331.2
 ACY 20020305  3.72  3.20  0.32  0.41  0.22 348.9
 ACY 20020306  4.20  3.58  0.25  0.48  0.22 319.2
 ACY 20020307  4.32  3.83  0.28  0.51  0.21 315.8
 ACY 20020308  4.70  4.29  0.39  0.48  0.13 297.2
 ACY 20020310  4.46  4.08  0.46  0.39  0.15 320.4
 ACY 20020311  4.06  3.68  0.35  0.51  0.14 352.4
 ACY 20020312  4.17  1.98  0.00  0.14  0.19 348.8
 ACY 20020313  5.16  1.91  0.06  0.01  0.02 294.5
 ACY 20020314  6.08  4.89  0.23  0.46  0.16 260.1
 ACY 20020315  6.88  4.17  0.05  0.28  0.23 237.7
 ACY 20020316  6.35  2.89  0.04  0.13  0.09 257.3
 ACY 20020317  5.87  3.37  0.08  0.21  0.20 278.5
 ACY 20020318  6.35  2.14  0.02  0.00  0.02 264.2
 ACY 20020319  5.75  3.36  0.06  0.21  0.26 290.8
 ACY 20020320  6.81  2.15  0.00  0.00  0.00 255.5
 ACY 20020321  5.61  4.61  0.36  0.36  0.13 304.3
 ACY 20020322  4.10  3.44  0.30  0.36  0.27 403.4
 ACY 20020323  4.35  4.06  0.50  0.41  0.10 388.0
 ACY 20020324  5.19  3.50  0.12  0.31  0.24 337.0
 ACY 20020325  6.04  2.42  0.00  0.02  0.18 299.2
 ACY 20020326  7.12  2.54  0.06  0.00  0.00 264.0
 ACY 20020327  6.16  4.45  0.04  0.42  0.33 300.8
 ACY 20020328  5.13  4.82  0.57  0.36  0.07 355.7
 ACY 20020329  4.83  3.40  0.19  0.30  0.21 379.1
 ACY 20020330  5.30  2.50  0.07  0.08  0.15 353.7
 ACY 20020331  6.28  2.11  0.00  0.00  0.05 309.4
 ACY 20020401  5.67  4.89  0.19  0.50  0.31 341.0
 ACY 20020402  6.28  4.75  0.36  0.22  0.17 315.9
 ACY 20020403  5.73  3.60  0.02  0.24  0.39 344.5
 ACY 20020404  5.66  4.83  0.35  0.42  0.14 351.9
 ACY 20020405  5.87  4.61  0.17  0.38  0.33 344.2
 ACY 20020406  4.71  3.23  0.15  0.15  0.44 419.6
 ACY 20020407  5.49  5.07  0.59  0.36  0.00 371.3
 ACY 20020408  6.52  4.83  0.15  0.38  0.25 323.9
 ACY 20020409  7.19  5.02  0.17  0.27  0.27 300.3
 ACY 20020410  8.22  6.37  0.32  0.37  0.07 271.0
 ACY 20020411  8.56  6.72  0.48  0.25  0.00 264.5
 ACY 20020412  8.20  6.35  0.23  0.43  0.13 275.8
 ACY 20020413  7.14  4.69  0.15  0.20  0.30 312.3
 ACY 20020414  6.41  3.95  0.05  0.17  0.41 344.8
 ACY 20020415  7.37  5.50  0.05  0.38  0.43 308.9
 ACY 20020416  8.78  7.70  0.19  0.59  0.22 268.7
 ACY 20020417  8.86  7.98  0.23  0.64  0.14 268.5
 ACY 20020418  8.33  6.75  0.17  0.52  0.19 284.8
 ACY 20020419  7.41  6.29  0.08  0.60  0.32 316.5
 ACY 20020420  7.34  3.88  0.02  0.06  0.40 321.2
 ACY 20020421  8.02  5.75  0.18  0.37  0.16 300.2
 ACY 20020422  9.57  4.44  0.00  0.00  0.36 260.9
 ACY 20020423  8.04  6.72  0.24  0.44  0.25 303.2
 ACY 20020424  7.34  6.89  0.57  0.41  0.00 328.9
 ACY 20020425  6.82  3.03  0.11  0.03  0.09 352.0
 ACY 20020426  6.28  5.41  0.24  0.49  0.24 379.7
 ACY 20020427  7.55  5.89  0.22  0.46  0.12 327.0
 ACY 20020428  8.17  4.62  0.12  0.10  0.27 308.0
 ACY 20020429  7.55  5.84  0.06  0.40  0.45 330.5
 ACY 20020430  6.18  5.02  0.25  0.43  0.19 393.9
 ACY 20020501  6.61  5.18  0.38  0.30  0.09 373.8
 ACY 20020503  7.27  6.70  0.45  0.42  0.14 348.2
 ACY 20020504  9.62  8.13  0.44  0.30  0.14 276.4
 ACY 20020505  8.81  6.69  0.18  0.37  0.26 298.7
 ACY 20020506  7.84  7.15  0.35  0.55  0.10 331.0
 ACY 20020507  7.89  4.26  0.03  0.16  0.27 330.4
 ACY 20020508  8.49  5.78  0.15  0.37  0.12 312.2
 ACY 20020509 10.56  4.59  0.00  0.00  0.29 261.4
 ACY 20020510  9.79  9.18  0.50  0.46  0.04 279.3
 ACY 20020511  9.16  8.13  0.54  0.35  0.01 296.4
 ACY 20020512  9.14  4.82  0.05  0.20  0.15 297.6
 ACY 20020513  9.07  4.11  0.00  0.01  0.32 300.5
 ACY 20020514  7.70  6.55  0.17  0.47  0.36 345.6
 ACY 20020515  7.61  6.80  0.30  0.51  0.19 349.6
 ACY 20020516  7.86  6.82  0.16  0.58  0.26 341.7
 ACY 20020517  8.02  4.36  0.09  0.21  0.11 337.1
 ACY 20020518  8.01  3.61  0.03  0.00  0.28 338.4
 ACY 20020519  8.21  7.00  0.24  0.49  0.22 332.5
 ACY 20020520  8.48  6.56  0.14  0.40  0.32 324.4
 ACY 20020521  8.02  6.86  0.26  0.43  0.28 341.2
 ACY 20020522  7.73  6.48  0.24  0.48  0.20 352.4
 ACY 20020523  7.92  7.43  0.50  0.47  0.03 345.9
 ACY 20020524  7.08  6.22  0.22  0.55  0.23 380.6
 ACY 20020525  7.78  5.44  0.14  0.37  0.18 351.9
 ACY 20020526  8.98  6.42  0.09  0.37  0.30 313.2
 ACY 20020527  9.09  6.96  0.12  0.43  0.29 310.7
 ACY 20020528  8.94  6.31  0.10  0.33  0.32 315.5
 ACY 20020529  8.99  6.77  0.15  0.41  0.24 314.8
 ACY 20020530  8.79  6.60  0.11  0.43  0.27 320.9
 ACY 20020531  9.13  6.78  0.07  0.42  0.33 311.8
 ACY 20020601  9.43  8.80  0.48  0.47  0.05 303.5
 ACY 20020602  8.06  7.38  0.40  0.49  0.11 346.5
 ACY 20020603  8.89  7.93  0.48  0.40  0.05 319.7
 ACY 20020604  9.97  5.93  0.12  0.22  0.17 291.0
 ACY 20020605 10.60  8.53  0.11  0.51  0.29 276.4
 ACY 20020606  9.71  4.40  0.01  0.09  0.19 297.7
 ACY 20020607  9.11  3.88  0.00  0.07  0.17 314.5
 ACY 20020608 10.60  9.06  0.35  0.50  0.03 277.4
 ACY 20020609  9.26  8.29  0.26  0.59  0.15 310.9
 ACY 20020611  9.72  8.64  0.21  0.63  0.16 298.6
 ACY 20020612 10.03  7.56  0.09  0.43  0.31 291.3
 ACY 20020613  9.11  5.21  0.00  0.23  0.30 315.8
 ACY 20020614  9.69  4.22  0.00  0.03  0.25 299.8
 ACY 20020615  9.40  5.95  0.01  0.21  0.46 307.7
 ACY 20020616  9.76  8.13  0.11  0.53  0.33 298.1
 ACY 20020617  8.69  7.51  0.17  0.55  0.28 328.7
 ACY 20020618  8.56  7.42  0.21  0.57  0.19 332.8
 ACY 20020619  9.00  6.44  0.10  0.39  0.26 319.6
 ACY 20020620  9.55  7.55  0.19  0.47  0.18 304.1
 ACY 20020621  8.99  8.09  0.28  0.59  0.13 319.8
 ACY 20020622  8.23  7.23  0.27  0.57  0.12 344.1
 ACY 20020623  8.35  7.27  0.21  0.55  0.23 339.8
 ACY 20020624  9.33  8.00  0.16  0.59  0.22 309.5
 ACY 20020625  9.37  7.31  0.08  0.51  0.28 308.4
 ACY 20020626  9.34  8.07  0.13  0.61  0.26 309.2
 ACY 20020627  9.23  7.23  0.03  0.51  0.37 312.1
 ACY 20020628  9.54  6.77  0.00  0.41  0.38 303.3
 ACY 20020629 10.41  8.68  0.16  0.58  0.18 282.1
 ACY 20020630 10.46  8.23  0.12  0.51  0.23 280.9
 ACY 20020701  8.55  7.01  0.10  0.54  0.30 331.7
 ACY 20020702  8.63  7.24  0.10  0.58  0.29 328.6
 ACY 20020703  8.78  7.26  0.08  0.59  0.28 323.5
 ACY 20020704  8.98  7.49  0.09  0.59  0.28 317.4
 ACY 20020705  9.08  8.19  0.24  0.66  0.10 314.3
 ACY 20020706  8.78  7.53  0.16  0.52  0.32 322.4
 ACY 20020707  9.01  8.21  0.30  0.62  0.08 315.6
 ACY 20020708  9.05  8.03  0.22  0.63  0.14 314.1
 ACY 20020709  9.85  8.31  0.06  0.60  0.34 292.4
 ACY 20020710  8.96  7.57  0.17  0.60  0.16 315.9
 ACY 20020711  9.04  8.36  0.37  0.59  0.04 313.2
 ACY 20020712  8.40  7.65  0.30  0.62  0.08 332.2
 ACY 20020713  8.37  6.86  0.16  0.52  0.23 332.6
 ACY 20020714  8.75  3.89  0.02  0.00  0.28 319.5
 ACY 20020715  8.50  7.16  0.14  0.56  0.26 327.1
 ACY 20020716  8.80  7.14  0.14  0.55  0.20 317.1
 ACY 20020717  8.61  7.68  0.19  0.65  0.17 321.9
 ACY 20020718  9.05  7.40  0.04  0.60  0.31 308.6
 ACY 20020719  9.12  5.83  0.03  0.19  0.47 305.8
 ACY 20020720  9.17  6.03  0.02  0.29  0.39 303.9
 ACY 20020721  8.59  6.62  0.14  0.48  0.20 319.8
 ACY 20020722  9.16  7.47  0.12  0.51  0.30 302.3
 ACY 20020723  9.07  7.28  0.04  0.53  0.37 303.8
 ACY 20020724  9.20  4.82  0.00  0.21  0.21 299.8
 ACY 20020725  8.97  4.36  0.00  0.18  0.16 305.0
 ACY 20020726  8.77  3.97  0.02  0.10  0.16 310.3
 ACY 20020727  8.42  5.80  0.02  0.42  0.28 319.6
 ACY 20020728  8.89  6.34  0.07  0.35  0.36 304.7
 ACY 20020729  8.95  7.71  0.09  0.63  0.29 301.8
 ACY 20020730  8.80  7.34  0.06  0.59  0.33 305.5
 ACY 20020731  8.60  7.34  0.15  0.61  0.20 310.2
 ACY 20020802  8.92  7.24  0.15  0.53  0.21 298.1
 ACY 20020803  8.82  7.27  0.16  0.54  0.21 299.6
 ACY 20020804  8.73  7.11  0.12  0.55  0.24 301.2
 ACY 20020805  9.13  7.60  0.10  0.57  0.29 289.4
 ACY 20020806  8.22  7.18  0.20  0.58  0.21 314.3
 ACY 20020807  7.29  6.06  0.16  0.51  0.27 345.8
 ACY 20020808  7.54  6.14  0.13  0.51  0.28 335.2
 ACY 20020809  7.82  6.74  0.21  0.59  0.15 323.3
 ACY 20020810  8.48  7.59  0.24  0.62  0.14 300.5
 ACY 20020811  8.04  7.00  0.17  0.61  0.21 313.0
 ACY 20020812  8.06  6.48  0.10  0.54  0.26 310.4
 ACY 20020813  8.26  6.96  0.10  0.60  0.27 302.0
 ACY 20020814  8.15  6.86  0.12  0.59  0.25 303.9
 ACY 20020815  8.17  6.15  0.03  0.47  0.35 301.5
 ACY 20020816  8.52  6.88  0.07  0.54  0.32 290.1
 ACY 20020817  8.55  6.90  0.06  0.57  0.29 287.4
 ACY 20020818  8.18  5.59  0.03  0.28  0.45 296.4
 ACY 20020819  8.24  6.55  0.13  0.54  0.19 293.1
 ACY 20020820  8.08  6.01  0.04  0.50  0.27 295.6
 ACY 20020821  7.66  6.03  0.16  0.52  0.15 307.1
 ACY 20020822  8.04  7.25  0.27  0.61  0.12 293.1
 ACY 20020823  7.78  4.71  0.00  0.23  0.38 299.1
 ACY 20020824  7.92  3.51  0.00  0.00  0.31 292.6
 ACY 20020825  8.07  6.01  0.07  0.44  0.31 286.1
 ACY 20020826  7.49  5.11  0.03  0.40  0.28 301.8
 ACY 20020827  7.62  4.08  0.00  0.18  0.28 295.5
 ACY 20020828  8.03  2.87  0.00  0.00  0.10 280.7
 ACY 20020829  7.96  3.59  0.00  0.00  0.33 280.9
 ACY 20020830  7.77  3.40  0.00  0.09  0.17 284.4
 ACY 20020831  7.65  4.59  0.00  0.32  0.24 285.5
 ACY 20020901  7.49  3.33  0.00  0.06  0.23 288.2
 ACY 20020902  6.66  3.96  0.03  0.22  0.32 315.1
 ACY 20020903  6.74  5.44  0.11  0.52  0.28 309.0
 ACY 20020904  7.10  6.22  0.17  0.62  0.21 293.2
 ACY 20020905  6.69  6.22  0.39  0.59  0.02 305.2
 ACY 20020906  6.67  6.21  0.53  0.43  0.02 303.2
 ACY 20020907  6.52  6.00  0.51  0.42  0.04 306.5
 ACY 20020908  6.61  6.03  0.53  0.38  0.04 299.4
 ACY 20020909  6.73  5.93  0.46  0.39  0.07 292.7
 ACY 20020910  7.48  6.31  0.21  0.51  0.22 265.2
 ACY 20020911  6.88  5.73  0.10  0.57  0.29 281.1
 ACY 20020912  6.00  5.53  0.39  0.55  0.06 312.6
 ACY 20020913  5.92  5.46  0.34  0.63  0.03 312.7
 ACY 20020914  6.28  4.56  0.01  0.47  0.32 294.0
 ACY 20020915  6.56  3.51  0.10  0.14  0.17 280.3
 ACY 20020916  6.72  3.47  0.09  0.07  0.24 271.8
 ACY 20020917  6.14  5.23  0.27  0.51  0.14 289.9
 ACY 20020918  6.23  5.56  0.35  0.56  0.04 283.2
 ACY 20020919  6.03  4.26  0.08  0.38  0.28 287.5
 ACY 20020920  6.25  5.16  0.24  0.50  0.14 275.3
 ACY 20020921  6.09  5.29  0.25  0.57  0.13 278.0
 ACY 20020922  5.78  4.14  0.07  0.41  0.28 287.2
 ACY 20020923  5.75  3.85  0.07  0.31  0.31 285.2
 ACY 20020924  5.65  4.28  0.14  0.47  0.18 285.8
 ACY 20020925  6.18  4.30  0.15  0.38  0.14 261.5
 ACY 20020926  6.19  2.63  0.07  0.00  0.15 257.9
 ACY 20020927  6.19  3.00  0.03  0.05  0.29 254.1
 ACY 20020928  6.05  4.45  0.14  0.41  0.21 255.5
 ACY 20020929  5.70  4.79  0.26  0.53  0.10 265.7
 ACY 20020930  5.75  4.90  0.28  0.52  0.11 260.2
 ACY 20021001  5.63  5.05  0.29  0.55  0.16 261.1
 ACY 20021002  5.66  4.54  0.22  0.41  0.24 256.1
 ACY 20021003  5.70  3.73  0.07  0.31  0.27 251.1
 ACY 20021004  5.78  2.95  0.03  0.16  0.20 244.8
 ACY 20021005  5.29  3.51  0.11  0.31  0.23 260.2
 ACY 20021006  5.13  3.85  0.29  0.34  0.10 262.7
 ACY 20021007  5.16  2.92  0.00  0.24  0.27 257.4
 ACY 20021008  4.55  3.94  0.39  0.43  0.09 282.4
 ACY 20021009  4.59  3.32  0.17  0.37  0.19 275.8
 ACY 20021010  4.50  2.82  0.09  0.26  0.24 277.0
 ACY 20021011  4.39  1.54  0.05  0.00  0.00 278.5
 ACY 20021012  4.19  2.09  0.09  0.12  0.13 286.0
 ACY 20021013  4.09  2.56  0.08  0.27  0.24 287.4
 ACY 20021014  4.22  4.04  0.64  0.36  0.00 275.5
 ACY 20021015  4.07  3.04  0.27  0.33  0.14 280.0
 ACY 20021016  4.14  1.43  0.00  0.00  0.07 271.3
 ACY 20021017  3.85  2.67  0.05  0.39  0.29 284.6
 ACY 20021018  3.62  3.22  0.33  0.48  0.18 295.0
 ACY 20021019  3.65  2.17  0.11  0.23  0.17 288.5
 ACY 20021020  3.44  2.65  0.30  0.32  0.16 299.0
 ACY 20021021  3.34  2.29  0.14  0.33  0.20 301.6
 ACY 20021022  3.29  2.44  0.43  0.19  0.06 300.6
 ACY 20021023  3.18  1.90  0.09  0.24  0.20 305.0
 ACY 20021024  3.20  1.78  0.06  0.18  0.23 298.6
 ACY 20021025  3.04  1.49  0.13  0.10  0.07 307.1
 ACY 20021026  2.94  1.60  0.15  0.17  0.07 311.5
 ACY 20021027  2.90  2.62  0.44  0.42  0.12 310.0
 ACY 20021028  2.92  1.71  0.08  0.21  0.23 302.4
 ACY 20021029  2.88  1.43  0.12  0.10  0.10 301.0
 ACY 20021030  2.98  1.04  0.00  0.00  0.08 288.6
 ACY 20021031  2.68  1.88  0.17  0.29  0.25 312.2
 ACY 20021101  2.54  1.85  0.16  0.32  0.29 322.6
 ACY 20021102  2.25  1.79  0.27  0.36  0.22 353.8
 ACY 20021103  2.42  2.04  0.31  0.43  0.17 325.5
 ACY 20021104  2.39  1.63  0.17  0.27  0.23 323.8
 ACY 20021105  2.60  1.76  0.22  0.23  0.19 295.5
 ACY 20021106  2.73  1.58  0.00  0.19  0.37 277.9
 ACY 20021107  2.17  1.98  0.45  0.40  0.15 336.2
 ACY 20021108  2.37  2.16  0.38  0.50  0.12 306.4
 ACY 20021109  2.46  2.03  0.14  0.52  0.27 291.6
 ACY 20021110  2.37  1.22  0.01  0.15  0.25 297.1
 ACY 20021111  2.57  1.28  0.00  0.16  0.22 272.7
 ACY 20021112  2.46  0.81  0.00  0.00  0.03 280.1
 ACY 20021113  2.40  1.04  0.00  0.12  0.12 282.3
 ACY 20021114  2.08  1.59  0.21  0.37  0.22 316.0
 ACY 20021115  2.16  1.69  0.11  0.47  0.30 301.1
 ACY 20021116  2.16  0.76  0.00  0.00  0.09 296.1
 ACY 20021117  2.31  0.84  0.00  0.00  0.12 274.0
 ACY 20021118  1.93  1.71  0.30  0.47  0.23 319.6
 ACY 20021119  2.20  1.58  0.10  0.39  0.26 279.7
 ACY 20021120  2.01  1.65  0.22  0.47  0.20 300.4
 ACY 20021121  2.01  1.07  0.00  0.18  0.27 297.0
 ACY 20021122  1.99  1.02  0.00  0.15  0.27 295.8
 ACY 20021123  1.72  1.54  0.40  0.40  0.20 335.3
 ACY 20021124  1.97  1.70  0.30  0.47  0.18 292.0
 ACY 20021125  2.01  1.39  0.13  0.35  0.21 283.2
 ACY 20021126  2.01  1.46  0.15  0.40  0.19 279.4
 ACY 20021127  1.76  0.85  0.00  0.15  0.20 310.9
 ACY 20021128  1.52  1.21  0.20  0.39  0.28 353.0
 ACY 20021129  1.68  1.13  0.07  0.32  0.30 319.6
 ACY 20021130  1.61  0.91  0.00  0.18  0.35 330.0
 ACY 20021201  1.47  1.28  0.26  0.44  0.30 357.8
 ACY 20021202  1.67  1.09  0.13  0.26  0.23 312.6
 ACY 20021203  1.58  1.49  0.61  0.30  0.09 326.9
 ACY 20021204  1.59  1.28  0.21  0.45  0.21 323.6
 ACY 20021205  1.77  0.58  0.00  0.00  0.03 289.4
 ACY 20021206  1.67  1.33  0.12  0.47  0.31 302.2
 ACY 20021207  1.64  1.51  0.45  0.44  0.11 304.9
 ACY 20021208  1.55  1.08  0.16  0.32  0.21 321.0
 ACY 20021209  1.57  1.50  0.60  0.39  0.02 315.2
 ACY 20021210  1.77  1.15  0.03  0.34  0.29 280.8
 ACY 20021211  1.67  0.60  0.02  0.00  0.08 296.2
 ACY 20021212  1.58  0.98  0.11  0.26  0.19 310.1
