 200101   1 ACY  1.26  0.99  0.08  0.47  0.35 388.8
 200101   2 ACY  1.28  1.15  0.32  0.47  0.22 386.5
 200101   3 ACY  1.34  1.20  0.29  0.54  0.17 373.8
 200101   4 ACY  1.34  1.06  0.15  0.41  0.33 376.9
 200101   5 ACY  1.40  0.71  0.00  0.17  0.22 364.6
 200101   6 ACY  1.31  0.95  0.19  0.29  0.28 392.8
 200101   7 ACY  1.50  1.05  0.07  0.39  0.27 345.7
 200101   8 ACY  1.47  0.71  0.00  0.14  0.21 356.4
 200101   9 ACY  1.45  1.01  0.00  0.38  0.39 364.5
 200101  10 ACY  1.52  1.35  0.42  0.37  0.18 351.2
 200101  11 ACY  1.56  1.44  0.43  0.45  0.13 344.5
 200101  12 ACY  1.67  1.50  0.48  0.39  0.07 327.1
 200101  13 ACY  1.69  1.52  0.49  0.37  0.08 327.1
 200101  14 ACY  1.67  1.37  0.26  0.43  0.19 335.4
 200101  15 ACY  1.79  0.94  0.08  0.16  0.15 319.2
 200101  16 ACY  1.74  1.39  0.12  0.45  0.34 330.7
 200101  17 ACY  1.63  1.03  0.00  0.32  0.31 356.2
 200101  18 ACY  1.82  0.77  0.00  0.09  0.14 325.7
 200101  19 ACY  2.02  0.68  0.00  0.00  0.05 300.2
 200101  21 ACY  1.91  1.74  0.40  0.44  0.17 322.0
 200101  22 ACY  1.92  1.69  0.27  0.52  0.19 325.6
 200101  23 ACY  1.86  1.65  0.39  0.43  0.14 341.5
 200101  24 ACY  1.92  1.31  0.07  0.37  0.25 335.2
 200101  25 ACY  1.78  1.07  0.05  0.23  0.29 366.1
 200101  26 ACY  1.76  1.66  0.61  0.34  0.04 374.2
 200101  27 ACY  1.82  0.92  0.00  0.14  0.26 369.6
 200101  28 ACY  1.80  1.67  0.52  0.37  0.11 379.2
 200101  29 ACY  2.03  1.56  0.32  0.30  0.15 342.5
 200101  30 ACY  2.34  0.89  0.04  0.06  0.01 305.6
 200101  31 ACY  2.46  1.71  0.09  0.34  0.29 296.0
 200102  32 ACY  2.17  1.83  0.18  0.52  0.26 337.9
 200102  33 ACY  2.12  1.33  0.00  0.29  0.35 350.9
 200102  34 ACY  2.02  1.79  0.27  0.49  0.25 373.7
 200102  35 ACY  2.05  1.53  0.18  0.38  0.22 374.7
 200102  36 ACY  2.28  0.80  0.00  0.00  0.09 345.2
 200102  37 ACY  2.08  1.36  0.04  0.33  0.29 381.1
 200102  38 ACY  2.14  1.84  0.42  0.36  0.13 378.3
 200102  39 ACY  2.48  1.59  0.13  0.27  0.20 335.0
 200102  40 ACY  2.83  2.14  0.10  0.46  0.26 302.0
 200102  41 ACY  2.84  2.62  0.49  0.39  0.12 305.7
 200102  42 ACY  2.61  2.46  0.65  0.30  0.03 336.0
 200102  43 ACY  2.64  2.11  0.34  0.35  0.12 338.4
 200102  44 ACY  2.91  2.26  0.26  0.37  0.17 315.6
 200102  45 ACY  2.85  1.18  0.11  0.00  0.06 326.9
 200102  46 ACY  2.93  1.13  0.00  0.03  0.13 324.3
 200102  47 ACY  3.32  1.05  0.00  0.00  0.00 295.6
 200102  48 ACY  3.15  2.67  0.31  0.42  0.19 314.1
 200102  49 ACY  2.53  2.32  0.48  0.37  0.15 388.5
 200102  50 ACY  2.63  2.41  0.47  0.41  0.11 381.0
 200102  51 ACY  3.21  2.01  0.00  0.31  0.32 323.3
 200102  52 ACY  2.98  2.71  0.39  0.47  0.14 351.5
 200102  53 ACY  3.02  1.66  0.10  0.15  0.19 353.3
 200102  54 ACY  2.97  2.51  0.25  0.46  0.23 364.8
 200102  55 ACY  3.57  2.69  0.24  0.36  0.16 315.1
 200102  56 ACY  4.01  1.66  0.10  0.03  0.03 289.5
 200102  57 ACY  4.11  3.75  0.45  0.39  0.16 287.7
 200102  58 ACY  3.60  2.20  0.07  0.25  0.25 327.3
 200102  59 ACY  3.24  2.71  0.39  0.34  0.14 364.9
 200103  60 ACY  2.96  2.15  0.26  0.23  0.25 402.8
 200103  61 ACY  3.22  2.12  0.14  0.24  0.26 378.1
 200103  62 ACY  3.47  2.54  0.12  0.41  0.24 359.7
 200103  63 ACY  5.11  1.70  0.00  0.00  0.04 261.5
 200103  64 ACY  4.63  1.62  0.00  0.00  0.08 288.6
 200103  65 ACY  3.50  1.97  0.22  0.00  0.24 373.7
 200103  66 ACY  3.39  2.60  0.32  0.27  0.19 390.1
 200103  67 ACY  3.84  2.92  0.16  0.43  0.21 354.3
 200103  68 ACY  3.61  2.34  0.00  0.32  0.36 380.1
 200103  69 ACY  3.43  3.09  0.39  0.41  0.20 403.1
 200103  70 ACY  3.79  3.04  0.19  0.45  0.24 374.5
 200103  71 ACY  4.58  3.64  0.38  0.31  0.10 321.8
 200103  72 ACY  4.65  2.52  0.00  0.17  0.31 322.2
 200103  73 ACY  4.11  3.67  0.35  0.44  0.21 363.5
 200103  74 ACY  3.92  2.25  0.05  0.21  0.25 384.1
 200103  75 ACY  4.79  1.90  0.00  0.01  0.18 326.8
 200103  76 ACY  4.46  1.87  0.01  0.06  0.15 352.1
 200103  77 ACY  4.14  3.59  0.29  0.43  0.26 380.9
 200103  78 ACY  4.23  4.07  0.73  0.25  0.02 379.0
 200103  79 ACY  4.99  3.91  0.27  0.37  0.17 332.1
 200103  80 ACY  4.54  1.47  0.01  0.00  0.00 364.7
 200103  81 ACY  4.55  1.96  0.08  0.02  0.12 368.5
 200103  82 ACY  4.42  3.94  0.37  0.40  0.23 382.7
 200103  83 ACY  4.28  2.95  0.22  0.28  0.15 398.4
 200103  84 ACY  4.59  4.03  0.29  0.49  0.20 378.9
 200103  85 ACY  4.28  2.88  0.00  0.34  0.39 407.3
 200103  86 ACY  4.26  3.58  0.30  0.38  0.25 414.6
 200103  87 ACY  4.28  3.99  0.49  0.44  0.07 416.9
 200103  88 ACY  4.44  2.55  0.12  0.17  0.19 408.2
 200103  89 ACY  5.77  2.13  0.00  0.02  0.10 328.8
 200103  90 ACY  5.84  3.47  0.00  0.24  0.34 328.8
 200104  91 ACY  4.85  1.81  0.00  0.00  0.14 390.3
 200104  92 ACY  5.02  2.97  0.11  0.00  0.49 382.5
 200104  93 ACY  5.17  3.70  0.18  0.31  0.24 376.1
 200104  94 ACY  5.35  4.57  0.33  0.43  0.16 368.8
 200104  95 ACY  5.84  5.08  0.50  0.33  0.06 345.5
 200104  96 ACY  5.52  3.17  0.17  0.17  0.11 366.2
 200104  97 ACY  6.95  3.39  0.09  0.00  0.27 303.8
 200104  98 ACY  7.64  5.11  0.10  0.26  0.33 283.3
 200104  99 ACY  6.99  5.76  0.16  0.52  0.24 307.6
 200104 100 ACY  6.53  4.98  0.26  0.39  0.11 328.6
 200104 101 ACY  7.21  2.46  0.00  0.00  0.06 304.9
 200104 102 ACY  8.29  5.20  0.00  0.29  0.35 273.5
 200104 103 ACY  7.13  4.97  0.12  0.39  0.18 312.8
 200104 104 ACY  5.56  5.21  0.59  0.34  0.06 389.3
 200104 105 ACY  5.13  3.40  0.09  0.31  0.26 421.0
 200104 106 ACY  4.97  2.41  0.08  0.00  0.28 435.6
 200104 107 ACY  4.84  3.10  0.00  0.17  0.55 449.4
 200104 108 ACY  5.07  3.69  0.20  0.21  0.38 434.7
 200104 109 ACY  4.91  4.49  0.52  0.34  0.12 450.1
 200104 110 ACY  5.37  4.38  0.17  0.48  0.26 419.4
 200104 111 ACY  6.53  5.18  0.13  0.43  0.34 357.0
 200104 112 ACY  7.36  6.38  0.16  0.58  0.26 324.5
 200104 113 ACY  7.63  6.08  0.09  0.54  0.26 316.8
 200104 114 ACY  7.80  6.17  0.08  0.50  0.32 312.8
 200104 115 ACY  6.83  3.51  0.08  0.10  0.21 351.6
 200104 116 ACY  6.84  5.00  0.19  0.34  0.22 353.2
 200104 117 ACY  6.81  6.06  0.42  0.38  0.17 356.8
 200104 118 ACY  6.01  5.34  0.39  0.46  0.10 398.7
 200104 119 ACY  6.37  5.93  0.60  0.36  0.00 381.7
 200104 120 ACY  6.61  6.16  0.50  0.41  0.10 371.9
 200105 121 ACY  6.40  5.77  0.29  0.58  0.13 384.3
 200105 122 ACY  7.03  6.48  0.45  0.45  0.10 356.6
 200105 123 ACY  7.94  7.45  0.47  0.49  0.05 322.9
 200105 124 ACY  7.55  6.96  0.31  0.64  0.06 338.5
 200105 125 ACY  7.33  4.42  0.12  0.15  0.29 348.3
 200105 126 ACY  7.36  5.53  0.28  0.36  0.09 348.4
 200105 127 ACY  8.02  7.23  0.60  0.31  0.00 325.5
 200105 128 ACY  7.68  6.94  0.56  0.36  0.00 339.4
 200105 129 ACY  7.72  6.49  0.25  0.50  0.16 339.3
 200105 130 ACY  7.46  6.78  0.31  0.59  0.10 350.2
 200105 131 ACY  7.58  6.94  0.31  0.63  0.06 347.0
 200105 132 ACY  7.12  5.75  0.13  0.49  0.29 367.1
 200105 133 ACY  6.66  5.79  0.27  0.47  0.24 389.6
 200105 134 ACY  6.54  5.58  0.40  0.27  0.27 396.7
 200105 135 ACY  6.15  4.97  0.31  0.41  0.11 420.9
 200105 136 ACY  7.08  5.11  0.14  0.36  0.25 374.1
 200105 137 ACY  7.08  5.11  0.14  0.36  0.25 374.1
 200105 138 ACY  8.10  4.39  0.04  0.16  0.26 335.4
 200105 139 ACY  8.86  5.72  0.07  0.24  0.35 312.0
 200105 140 ACY  8.85  5.11  0.00  0.26  0.27 313.2
 200105 141 ACY  8.83  3.12  0.00  0.00  0.09 314.8
 200105 142 ACY  8.90  4.31  0.00  0.00  0.41 313.3
 200105 143 ACY  9.10  4.99  0.00  0.16  0.34 307.9
 200105 144 ACY  9.08  5.44  0.02  0.26  0.29 309.2
 200105 145 ACY  8.47  4.38  0.00  0.12  0.32 327.9
 200105 146 ACY  7.81  3.62  0.00  0.00  0.36 351.6
 200105 147 ACY  8.03  5.92  0.01  0.44  0.39 344.5
 200105 148 ACY  7.91  6.61  0.08  0.52  0.40 349.4
 200105 149 ACY  7.38  5.81  0.06  0.48  0.37 371.0
 200105 150 ACY  7.13  6.21  0.24  0.48  0.28 383.0
 200105 151 ACY  7.20  6.60  0.35  0.57  0.08 380.2
 200106 152 ACY  7.90  5.44  0.12  0.39  0.16 351.9
 200106 153 ACY  8.02  4.32  0.01  0.09  0.40 347.8
 200106 154 ACY  8.32  6.65  0.00  0.50  0.47 337.9
 200106 155 ACY  8.78  7.78  0.23  0.58  0.19 323.0
 200106 156 ACY  9.06  7.22  0.08  0.56  0.25 315.4
 200106 157 ACY  9.06  5.86  0.10  0.32  0.19 315.6
 200106 158 ACY  8.80  6.73  0.09  0.45  0.31 323.8
 200106 159 ACY  8.57  7.09  0.12  0.53  0.30 331.2
 200106 160 ACY  8.86  7.84  0.37  0.43  0.17 322.5
 200106 161 ACY  8.16  7.15  0.34  0.42  0.21 345.7
 200106 162 ACY  8.18  6.42  0.10  0.43  0.37 345.1
 200106 163 ACY  8.56  7.16  0.21  0.54  0.16 332.5
 200106 164 ACY  9.66  7.82  0.14  0.54  0.21 300.5
 200106 165 ACY 10.61  7.61  0.10  0.42  0.22 277.8
 200106 166 ACY 10.44  7.01  0.05  0.35  0.29 282.1
 200106 167 ACY  9.58  5.52  0.00  0.13  0.45 302.6
 200106 168 ACY  9.11  6.18  0.06  0.30  0.36 316.1
 200106 169 ACY  9.17  8.57  0.40  0.60  0.00 314.5
 200106 170 ACY  9.61  8.88  0.46  0.47  0.06 302.2
 200106 171 ACY  9.35  8.26  0.36  0.46  0.14 309.7
 200106 172 ACY  9.25  6.50  0.08  0.36  0.30 312.1
 200106 173 ACY  8.95  5.69  0.00  0.29  0.37 320.5
 200106 174 ACY 10.09  5.74  0.02  0.13  0.40 290.3
 200106 175 ACY 10.41  6.70  0.00  0.31  0.36 282.6
 200106 176 ACY 10.04  6.63  0.00  0.36  0.33 291.2
 200106 177 ACY 10.45  8.70  0.13  0.57  0.24 281.4
 200106 178 ACY 10.11  8.69  0.15  0.60  0.23 289.5
 200106 179 ACY  9.29  8.25  0.20  0.64  0.16 310.3
 200106 180 ACY  9.09  7.31  0.13  0.57  0.17 315.9
 200106 181 ACY  8.99  7.70  0.10  0.61  0.29 318.5
 200107 182 ACY  9.33  7.56  0.04  0.55  0.36 308.5
 200107 183 ACY  8.64  7.83  0.32  0.56  0.12 328.4
 200107 184 ACY  9.84  9.20  0.47  0.47  0.07 294.5
 200107 185 ACY  8.84  5.26  0.04  0.18  0.36 321.8
 200107 186 ACY  8.91  7.30  0.13  0.54  0.25 319.1
 200107 187 ACY  9.36  8.20  0.22  0.54  0.24 305.9
 200107 188 ACY  9.39  8.23  0.36  0.44  0.15 304.7
 200107 189 ACY  8.51  5.63  0.13  0.36  0.12 330.5
 200107 190 ACY  9.13  7.67  0.12  0.58  0.26 311.3
 200107 191 ACY  9.12  7.97  0.18  0.59  0.23 311.5
 200107 192 ACY  8.51  6.84  0.03  0.53  0.39 328.9
 200107 193 ACY  8.48  7.38  0.19  0.55  0.26 329.4
 200107 194 ACY  8.49  6.98  0.10  0.53  0.32 328.4
 200107 195 ACY  8.53  7.30  0.16  0.54  0.29 326.6
 200107 196 ACY  8.09  6.76  0.16  0.54  0.24 340.7
 200107 197 ACY  8.84  7.63  0.17  0.61  0.19 315.9
 200107 198 ACY  8.53  7.08  0.11  0.54  0.31 324.6
 200107 199 ACY  8.60  4.57  0.01  0.21  0.21 321.6
 200107 200 ACY  9.12  4.71  0.00  0.07  0.39 306.0
 200107 201 ACY  9.16  7.53  0.23  0.49  0.16 304.0
 200107 202 ACY  8.82  8.15  0.47  0.45  0.07 313.1
 200107 203 ACY  8.51  7.51  0.29  0.54  0.14 321.5
 200107 204 ACY  8.97  7.12  0.09  0.50  0.31 306.9
 200107 206 ACY  9.50  7.01  0.06  0.39  0.38 291.1
 200107 207 ACY  9.21  3.80  0.04  0.12  0.00 297.4
 200107 208 ACY  8.82  8.22  0.37  0.63  0.00 307.6
 200107 209 ACY  9.28  7.77  0.19  0.55  0.18 294.1
 200107 210 ACY  8.78  4.21  0.00  0.14  0.20 306.9
 200107 211 ACY  8.83  4.29  0.00  0.06  0.33 304.5
 200107 212 ACY  9.29  7.41  0.19  0.46  0.21 291.0
 200108 213 ACY  8.85  7.86  0.23  0.59  0.18 301.3
 200108 214 ACY  9.05  8.08  0.24  0.61  0.15 295.0
 200108 215 ACY  8.80  7.69  0.17  0.58  0.26 300.3
 200108 216 ACY  8.49  6.01  0.00  0.38  0.42 308.6
 200108 217 ACY  8.45  6.59  0.09  0.49  0.29 308.6
 200108 218 ACY  8.40  7.09  0.16  0.56  0.23 308.6
 200108 219 ACY  8.36  7.32  0.16  0.63  0.21 308.6
 200108 220 ACY  8.32  7.25  0.16  0.63  0.20 308.6
 200108 221 ACY  8.69  7.68  0.17  0.66  0.17 296.1
 200108 222 ACY  8.77  7.00  0.02  0.56  0.35 292.6
 200108 223 ACY  8.93  5.68  0.00  0.29  0.37 286.8
 200108 224 ACY  9.05  5.32  0.03  0.25  0.26 281.7
 200108 225 ACY  8.91  4.60  0.07  0.15  0.16 284.2
 200108 226 ACY  8.62  4.29  0.00  0.01  0.43 290.4
 200108 227 ACY  8.61  6.45  0.12  0.45  0.22 289.0
 200108 228 ACY  9.18  7.44  0.15  0.53  0.21 272.5
 200108 229 ACY  8.77  6.56  0.01  0.48  0.36 281.5
 200108 230 ACY  8.10  6.11  0.05  0.50  0.28 298.6
 200108 231 ACY  7.84  3.56  0.00  0.09  0.21 305.4
 200108 232 ACY  8.38  5.99  0.01  0.40  0.39 287.2
 200108 233 ACY  8.73  6.48  0.02  0.45  0.37 275.0
 200108 234 ACY  8.54  7.41  0.17  0.59  0.23 278.3
 200108 235 ACY  8.20  5.14  0.07  0.22  0.33 286.2
 200108 236 ACY  7.75  5.32  0.03  0.44  0.23 297.5
 200108 237 ACY  7.96  6.00  0.13  0.49  0.16 289.3
 200108 238 ACY  8.20  6.90  0.22  0.55  0.14 279.9
 200108 239 ACY  7.69  5.49  0.00  0.41  0.39 293.4
 200108 240 ACY  7.35  6.03  0.10  0.55  0.29 302.3
 200108 241 ACY  7.52  5.90  0.14  0.49  0.22 294.5
 200108 242 ACY  8.10  5.58  0.03  0.41  0.28 274.0
 200108 243 ACY  7.70  5.90  0.00  0.50  0.39 283.9
 200109 244 ACY  7.42  6.33  0.23  0.51  0.21 290.5
 200109 245 ACY  7.56  6.31  0.18  0.57  0.16 283.2
 200109 246 ACY  8.41  6.86  0.19  0.52  0.17 256.8
 200109 247 ACY  7.23  4.96  0.00  0.35  0.41 289.1
 200109 248 ACY  7.14  5.56  0.16  0.47  0.20 289.2
 200109 249 ACY  7.53  7.01  0.39  0.60  0.01 274.1
 200109 250 ACY  7.24  6.78  0.51  0.44  0.05 280.7
 200109 251 ACY  7.56  6.93  0.36  0.56  0.08 268.1
 200109 252 ACY  7.14  5.95  0.23  0.51  0.16 278.1
 200109 253 ACY  6.88  4.94  0.07  0.37  0.34 284.2
 200109 254 ACY  6.33  5.88  0.36  0.63  0.01 301.3
 200109 255 ACY  6.25  5.75  0.36  0.61  0.02 301.6
 200109 256 ACY  6.34  5.81  0.34  0.59  0.07 294.9
 200109 257 ACY  6.06  2.88  0.00  0.09  0.26 303.0
 200109 258 ACY  6.02  5.13  0.25  0.54  0.13 301.1
 200109 259 ACY  6.06  5.29  0.23  0.58  0.16 296.4
 200109 260 ACY  5.98  4.64  0.12  0.49  0.23 296.4
 200109 261 ACY  5.90  4.57  0.11  0.47  0.27 296.1
 200109 263 ACY  6.00  2.79  0.00  0.01  0.35 285.4
 200109 264 ACY  6.03  3.40  0.09  0.11  0.30 280.5
 200109 265 ACY  5.91  4.65  0.08  0.50  0.31 282.1
 200109 266 ACY  5.76  4.53  0.12  0.48  0.27 284.7
 200109 267 ACY  5.80  3.50  0.00  0.25  0.35 279.3
 200109 268 ACY  5.82  2.41  0.00  0.07  0.14 274.8
 200109 269 ACY  5.93  5.18  0.19  0.57  0.24 267.3
 200109 270 ACY  5.72  4.47  0.08  0.42  0.41 271.6
 200109 271 ACY  5.16  3.36  0.00  0.21  0.52 292.8
 200109 272 ACY  5.06  3.17  0.00  0.24  0.42 293.8
 200110 274 ACY  4.97  2.97  0.18  0.17  0.15 290.2
 200110 275 ACY  4.75  4.35  0.41  0.47  0.12 297.2
 200110 276 ACY  4.91  4.44  0.35  0.51  0.14 285.4
 200110 277 ACY  4.83  4.36  0.34  0.51  0.15 285.0
 200110 278 ACY  4.55  4.15  0.41  0.45  0.14 295.5
 200110 279 ACY  4.27  2.79  0.16  0.31  0.12 307.7
 200110 280 ACY  3.99  3.65  0.45  0.41  0.14 321.2
 200110 281 ACY  4.25  4.00  0.63  0.28  0.09 299.3
 200110 282 ACY  4.22  3.98  0.59  0.36  0.05 296.9
 200110 283 ACY  4.23  3.80  0.32  0.51  0.17 292.3
 200110 284 ACY  4.26  3.78  0.26  0.54  0.20 286.3
 200110 285 ACY  4.20  3.39  0.18  0.48  0.22 285.3
 200110 286 ACY  4.22  3.39  0.25  0.42  0.18 279.3
 200110 287 ACY  4.49  2.81  0.16  0.22  0.18 261.1
 200110 288 ACY  4.01  3.61  0.34  0.50  0.16 283.6
 200110 289 ACY  3.66  2.47  0.15  0.31  0.19 301.1
 200110 290 ACY  3.31  2.80  0.12  0.51  0.37 323.6
 200110 291 ACY  3.67  3.50  0.62  0.37  0.01 291.3
 200110 292 ACY  3.66  3.40  0.50  0.42  0.08 287.5
 200110 293 ACY  3.59  2.86  0.16  0.46  0.26 287.9
 200110 294 ACY  3.70  3.13  0.31  0.46  0.13 276.0
 200110 295 ACY  3.59  2.51  0.08  0.37  0.28 278.8
 200110 296 ACY  3.52  2.29  0.00  0.38  0.28 279.5
 200110 297 ACY  3.62  2.75  0.06  0.49  0.29 268.1
 200110 298 ACY  3.81  2.76  0.11  0.40  0.25 252.6
 200110 299 ACY  2.93  2.28  0.14  0.38  0.36 312.4
 200110 300 ACY  2.55  2.13  0.27  0.40  0.25 346.8
 200110 301 ACY  2.73  2.48  0.41  0.42  0.17 320.3
 200110 302 ACY  3.17  2.95  0.51  0.42  0.07 277.2
 200110 303 ACY  2.83  2.30  0.30  0.39  0.16 301.2
 200110 304 ACY  2.84  1.79  0.18  0.23  0.14 296.0
 200111 305 ACY  2.96  2.31  0.26  0.37  0.18 281.6
 200111 306 ACY  3.26  2.35  0.16  0.36  0.22 254.7
 200111 307 ACY  3.05  2.05  0.06  0.33  0.30 265.3
 200111 308 ACY  2.70  2.27  0.26  0.45  0.22 291.2
 200111 309 ACY  2.28  2.01  0.41  0.32  0.25 332.4
 200111 310 ACY  2.35  2.21  0.64  0.27  0.08 317.9
 200111 311 ACY  2.49  2.29  0.42  0.45  0.14 296.8
 200111 312 ACY  2.38  1.89  0.21  0.45  0.18 304.9
 200111 313 ACY  2.17  1.98  0.45  0.37  0.18 326.1
 200111 314 ACY  2.13  1.91  0.32  0.50  0.18 327.0
 200111 315 ACY  2.08  1.90  0.53  0.34  0.10 330.6
 200111 316 ACY  2.17  1.97  0.45  0.41  0.12 313.5
 200111 317 ACY  2.19  2.01  0.41  0.49  0.10 305.6
 200111 318 ACY  2.17  1.95  0.33  0.49  0.18 303.9
 200111 319 ACY  2.17  1.76  0.26  0.38  0.24 298.9
 200111 320 ACY  2.24  1.89  0.24  0.47  0.23 286.9
 200111 321 ACY  2.21  1.88  0.40  0.38  0.11 286.0
 200111 322 ACY  2.14  1.97  0.42  0.49  0.09 291.2
 200111 323 ACY  2.03  1.64  0.20  0.45  0.23 300.6
 200111 324 ACY  1.84  1.03  0.02  0.24  0.22 325.2
 200111 325 ACY  1.77  1.57  0.39  0.43  0.14 333.7
 200111 326 ACY  2.07  1.89  0.39  0.50  0.11 285.6
 200111 327 ACY  1.99  1.61  0.19  0.47  0.23 292.7
 200111 328 ACY  2.06  1.12  0.10  0.16  0.16 279.3
 200111 329 ACY  2.07  1.05  0.00  0.15  0.26 275.0
 200111 330 ACY  2.02  1.45  0.19  0.34  0.19 277.8
 200111 331 ACY  2.02  1.11  0.01  0.21  0.26 273.9
 200111 332 ACY  1.98  1.08  0.00  0.20  0.28 276.9
 200111 333 ACY  2.25  1.00  0.00  0.14  0.12 245.3
 200111 334 ACY  2.23  1.15  0.00  0.19  0.22 244.9
 200112 335 ACY  2.22  1.77  0.24  0.44  0.16 244.5
 200112 336 ACY  2.06  1.50  0.00  0.50  0.30 258.7
 200112 337 ACY  1.93  1.63  0.44  0.35  0.07 271.9
 200112 338 ACY  1.99  1.71  0.30  0.46  0.18 263.2
 200112 339 ACY  2.16  1.61  0.21  0.33  0.24 242.4
 200112 340 ACY  2.29  1.73  0.06  0.48  0.30 227.7
 200112 341 ACY  1.70  1.03  0.01  0.29  0.27 294.2
 200112 342 ACY  1.71  0.79  0.00  0.11  0.20 292.1
 200112 343 ACY  1.78  1.50  0.26  0.42  0.26 281.3
 200112 344 ACY  1.87  1.33  0.25  0.26  0.18 267.7
 200112 345 ACY  1.94  1.00  0.05  0.16  0.18 257.4
 200112 346 ACY  1.97  0.99  0.03  0.13  0.22 252.9
 200112 347 ACY  1.93  0.70  0.00  0.02  0.09 257.4
 200112 348 ACY  1.72  0.57  0.00  0.01  0.02 283.6
 200112 349 ACY  1.70  1.38  0.14  0.45  0.35 286.1
 200112 350 ACY  1.81  1.63  0.56  0.32  0.05 269.0
 200112 351 ACY  1.69  0.96  0.08  0.21  0.18 285.0
 200112 352 ACY  1.52  1.31  0.23  0.46  0.30 314.9
 200112 353 ACY  1.69  1.27  0.06  0.48  0.29 285.8
 200112 354 ACY  1.54  1.25  0.13  0.45  0.36 312.0
 200112 355 ACY  1.47  1.12  0.22  0.32  0.28 326.6
 200112 356 ACY  1.60  1.47  0.44  0.45  0.11 301.1
 200112 357 ACY  1.68  1.37  0.27  0.42  0.19 288.9
 200112 358 ACY  1.52  1.15  0.17  0.38  0.25 317.0
 200112 359 ACY  1.61  1.26  0.11  0.48  0.28 300.9
 200112 360 ACY  1.54  1.10  0.12  0.34  0.30 314.0
 200112 361 ACY  1.34  0.93  0.08  0.32  0.34 359.2
 200112 362 ACY  1.45  1.03  0.06  0.39  0.31 332.9
 200112 363 ACY  1.38  0.77  0.00  0.22  0.27 349.2
 200112 364 ACY  1.33  1.15  0.23  0.47  0.30 363.5
 200112 365 ACY  1.45  1.24  0.27  0.44  0.24 332.6
