 200101   1 ANC  0.11  0.08  0.03  0.27  0.53 394.4
 200101   2 ANC  0.11  0.07  0.00  0.23  0.42 410.8
 200101   3 ANC  0.11  0.08  0.18  0.31  0.34 428.7
 200101   4 ANC  0.11  0.08  0.15  0.28  0.27 407.3
 200101   5 ANC  0.11  0.08  0.12  0.29  0.32 434.9
 200101   6 ANC  0.12  0.05  0.00  0.02  0.30 413.3
 200101   7 ANC  0.12  0.05  0.01  0.00  0.29 387.8
 200101   8 ANC  0.12  0.06  0.00  0.13  0.34 424.8
 200101   9 ANC  0.12  0.08  0.00  0.26  0.44 429.5
 200101  10 ANC  0.12  0.09  0.23  0.32  0.20 411.7
 200101  11 ANC  0.13  0.08  0.02  0.31  0.26 377.5
 200101  12 ANC  0.13  0.05  0.00  0.00  0.24 428.6
 200101  13 ANC  0.13  0.09  0.00  0.24  0.55 439.2
 200101  14 ANC  0.15  0.09  0.00  0.13  0.41 355.7
 200101  15 ANC  0.15  0.08  0.00  0.10  0.43 371.1
 200101  16 ANC  0.15  0.09  0.00  0.23  0.33 389.5
 200101  17 ANC  0.16  0.09  0.08  0.02  0.42 374.9
 200101  18 ANC  0.15  0.08  0.00  0.07  0.43 414.4
 200101  19 ANC  0.16  0.09  0.00  0.14  0.43 405.5
 200101  21 ANC  0.16  0.10  0.04  0.17  0.46 431.4
 200101  22 ANC  0.16  0.08  0.00  0.06  0.34 460.3
 200101  23 ANC  0.17  0.11  0.00  0.22  0.45 437.4
 200101  24 ANC  0.19  0.09  0.00  0.06  0.31 391.8
 200101  25 ANC  0.19  0.11  0.01  0.14  0.45 417.0
 200101  26 ANC  0.21  0.09  0.00  0.00  0.29 380.2
 200101  27 ANC  0.20  0.13  0.05  0.18  0.47 425.2
 200101  28 ANC  0.18  0.13  0.12  0.33  0.34 483.1
 200101  29 ANC  0.20  0.13  0.08  0.16  0.49 440.1
 200101  30 ANC  0.20  0.12  0.00  0.18  0.47 458.4
 200101  31 ANC  0.21  0.11  0.00  0.14  0.33 454.6
 200102  32 ANC  0.21  0.15  0.13  0.24  0.39 476.9
 200102  33 ANC  0.23  0.18  0.06  0.26  0.62 445.1
 200102  34 ANC  0.25  0.18  0.05  0.22  0.54 420.7
 200102  35 ANC  0.26  0.11  0.00  0.05  0.20 421.8
 200102  36 ANC  0.28  0.17  0.09  0.20  0.25 397.7
 200102  37 ANC  0.29  0.14  0.01  0.06  0.28 401.8
 200102  38 ANC  0.29  0.23  0.30  0.29  0.24 415.8
 200102  39 ANC  0.30  0.18  0.11  0.21  0.20 418.3
 200102  40 ANC  0.30  0.22  0.28  0.22  0.25 433.9
 200102  41 ANC  0.31  0.19  0.13  0.27  0.16 439.1
 200102  42 ANC  0.35  0.15  0.00  0.02  0.26 405.2
 200102  43 ANC  0.36  0.27  0.34  0.23  0.17 411.9
 200102  44 ANC  0.43  0.38  0.52  0.29  0.16 350.5
 200102  45 ANC  0.45  0.30  0.25  0.19  0.15 343.7
 200102  46 ANC  0.44  0.22  0.00  0.15  0.21 366.9
 200102  47 ANC  0.42  0.24  0.09  0.16  0.23 408.4
 200102  48 ANC  0.43  0.30  0.24  0.18  0.29 407.2
 200102  49 ANC  0.46  0.37  0.22  0.36  0.29 392.8
 200102  50 ANC  0.53  0.32  0.07  0.12  0.44 354.3
 200102  51 ANC  0.53  0.37  0.11  0.18  0.51 367.4
 200102  52 ANC  0.54  0.44  0.35  0.27  0.26 370.6
 200102  53 ANC  0.59  0.51  0.40  0.28  0.28 356.9
 200102  54 ANC  0.54  0.42  0.40  0.20  0.19 408.0
 200102  55 ANC  0.57  0.51  0.61  0.27  0.05 404.1
 200102  56 ANC  0.59  0.32  0.11  0.13  0.17 404.5
 200102  57 ANC  0.59  0.33  0.06  0.08  0.38 418.0
 200102  58 ANC  0.62  0.32  0.03  0.07  0.35 416.4
 200102  59 ANC  0.56  0.40  0.18  0.29  0.27 481.9
 200103  60 ANC  0.55  0.38  0.06  0.23  0.48 513.0
 200103  61 ANC  0.59  0.44  0.19  0.32  0.29 489.2
 200103  62 ANC  0.59  0.39  0.09  0.31  0.26 507.7
 200103  63 ANC  0.69  0.42  0.02  0.16  0.44 441.3
 200103  64 ANC  0.75  0.46  0.06  0.13  0.44 423.6
 200103  65 ANC  0.74  0.49  0.10  0.13  0.50 442.1
 200103  66 ANC  0.81  0.51  0.03  0.20  0.44 419.8
 200103  67 ANC  0.85  0.45  0.01  0.12  0.32 409.9
 200103  68 ANC  0.83  0.40  0.00  0.08  0.27 434.2
 200103  69 ANC  0.79  0.40  0.00  0.12  0.30 478.2
 200103  70 ANC  0.81  0.44  0.00  0.13  0.37 480.8
 200103  71 ANC  0.88  0.45  0.01  0.16  0.24 454.3
 200103  72 ANC  0.88  0.63  0.18  0.28  0.29 467.5
 200103  73 ANC  1.01  0.47  0.02  0.04  0.28 418.5
 200103  74 ANC  0.94  0.51  0.05  0.11  0.31 466.3
 200103  75 ANC  0.96  0.58  0.04  0.23  0.31 474.3
 200103  76 ANC  1.02  0.87  0.41  0.31  0.19 457.4
 200103  77 ANC  1.04  1.01  0.78  0.22  0.00 463.0
 200103  78 ANC  1.03  1.00  0.80  0.20  0.00 481.7
 200103  79 ANC  1.10  0.97  0.45  0.34  0.16 464.6
 200103  80 ANC  1.14  1.08  0.66  0.27  0.06 458.2
 200103  81 ANC  1.14  0.98  0.36  0.38  0.19 470.7
 200103  82 ANC  1.16  1.04  0.42  0.38  0.17 475.8
 200103  83 ANC  1.21  0.68  0.12  0.17  0.15 470.3
 200103  84 ANC  1.24  0.62  0.13  0.00  0.24 471.2
 200103  85 ANC  1.28  0.79  0.12  0.17  0.29 470.0
 200103  86 ANC  1.48  0.93  0.19  0.14  0.25 417.8
 200103  87 ANC  1.48  1.03  0.13  0.29  0.31 429.0
 200103  88 ANC  1.49  0.97  0.12  0.26  0.25 437.1
 200103  89 ANC  1.47  0.99  0.10  0.22  0.40 453.7
 200103  90 ANC  1.35  1.20  0.46  0.35  0.14 504.3
 200104  91 ANC  1.53  1.42  0.57  0.30  0.13 456.9
 200104  92 ANC  1.65  0.83  0.00  0.10  0.31 433.2
 200104  93 ANC  1.79  0.98  0.00  0.14  0.36 409.8
 200104  94 ANC  1.72  1.03  0.00  0.17  0.44 435.5
 200104  95 ANC  1.69  1.50  0.37  0.36  0.27 453.3
 200104  96 ANC  1.99  1.08  0.00  0.11  0.40 395.5
 200104  97 ANC  1.87  1.06  0.03  0.17  0.32 429.4
 200104  98 ANC  1.87  1.36  0.04  0.41  0.36 439.5
 200104  99 ANC  2.11  1.70  0.14  0.46  0.32 399.5
 200104 100 ANC  2.13  1.04  0.00  0.11  0.26 403.2
 200104 101 ANC  2.19  1.35  0.10  0.08  0.46 401.3
 200104 102 ANC  2.07  1.31  0.00  0.20  0.49 430.0
 200104 103 ANC  2.17  1.43  0.04  0.22  0.46 419.1
 200104 104 ANC  2.15  1.70  0.31  0.23  0.32 431.9
 200104 105 ANC  2.17  1.62  0.10  0.31  0.44 434.9
 200104 106 ANC  2.10  1.39  0.00  0.25  0.49 456.2
 200104 107 ANC  2.13  1.53  0.13  0.29  0.36 458.8
 200104 108 ANC  2.37  2.13  0.40  0.38  0.22 421.4
 200104 109 ANC  2.53  2.16  0.32  0.37  0.26 403.2
 200104 110 ANC  2.59  2.25  0.31  0.42  0.24 401.0
 200104 111 ANC  2.49  2.09  0.24  0.35  0.38 422.6
 200104 112 ANC  2.51  2.23  0.40  0.31  0.30 426.4
 200104 113 ANC  2.77  1.81  0.02  0.24  0.45 395.2
 200104 114 ANC  2.70  2.32  0.31  0.33  0.35 410.8
 200104 115 ANC  2.59  1.96  0.22  0.23  0.39 433.1
 200104 116 ANC  2.59  2.08  0.24  0.29  0.38 438.5
 200104 117 ANC  2.53  1.51  0.04  0.19  0.35 455.3
 200104 118 ANC  2.38  1.40  0.00  0.17  0.42 488.8
 200104 119 ANC  2.52  2.17  0.24  0.41  0.36 469.2
 200104 120 ANC  2.43  2.02  0.21  0.43  0.30 491.2
 200105 121 ANC  2.68  1.57  0.00  0.15  0.45 454.3
 200105 122 ANC  2.72  1.31  0.00  0.04  0.35 453.4
 200105 123 ANC  2.51  1.83  0.12  0.31  0.37 494.7
 200105 124 ANC  2.44  1.60  0.00  0.22  0.51 512.8
 200105 125 ANC  2.57  1.71  0.00  0.25  0.50 494.4
 200105 126 ANC  2.74  1.97  0.10  0.27  0.44 470.2
 200105 127 ANC  2.73  2.09  0.19  0.28  0.39 477.5
 200105 128 ANC  2.61  1.84  0.10  0.28  0.39 503.7
 200105 129 ANC  2.80  1.66  0.04  0.16  0.38 474.8
 200105 130 ANC  2.69  1.99  0.17  0.25  0.40 498.9
 200105 131 ANC  2.95  2.67  0.45  0.36  0.19 463.5
 200105 132 ANC  3.08  2.80  0.43  0.42  0.15 448.7
 200105 133 ANC  3.02  2.80  0.50  0.40  0.10 459.7
 200105 134 ANC  3.11  2.77  0.35  0.40  0.26 451.6
 200105 135 ANC  3.22  2.61  0.28  0.25  0.39 444.0
 200105 136 ANC  3.38  2.91  0.32  0.30  0.38 428.9
 200105 137 ANC  3.38  2.91  0.32  0.30  0.38 428.9
 200105 138 ANC  3.38  2.81  0.32  0.25  0.37 431.5
 200105 139 ANC  3.61  3.28  0.47  0.36  0.16 410.1
 200105 140 ANC  3.69  3.38  0.45  0.41  0.14 405.5
 200105 141 ANC  3.24  2.17  0.07  0.23  0.42 459.3
 200105 142 ANC  3.19  2.22  0.03  0.28  0.48 468.9
 200105 143 ANC  3.34  2.23  0.01  0.25  0.49 451.5
 200105 144 ANC  3.70  2.28  0.00  0.18  0.48 414.8
 200105 145 ANC  3.80  2.30  0.00  0.18  0.45 406.5
 200105 146 ANC  3.78  2.68  0.05  0.30  0.45 411.0
 200105 147 ANC  3.65  3.39  0.52  0.36  0.13 426.0
 200105 148 ANC  3.76  2.97  0.26  0.26  0.36 417.0
 200105 149 ANC  3.66  3.07  0.39  0.27  0.25 430.0
 200105 150 ANC  3.81  3.12  0.22  0.32  0.41 416.6
 200105 151 ANC  4.10  3.65  0.45  0.36  0.15 392.6
 200106 152 ANC  4.02  3.62  0.43  0.33  0.25 400.3
 200106 153 ANC  4.25  3.86  0.45  0.37  0.18 382.7
 200106 154 ANC  4.06  2.76  0.15  0.22  0.33 399.6
 200106 155 ANC  4.01  2.83  0.20  0.16  0.39 404.8
 200106 156 ANC  4.23  3.16  0.19  0.24  0.40 388.0
 200106 157 ANC  4.38  3.18  0.29  0.15  0.31 377.1
 200106 158 ANC  4.50  3.32  0.21  0.18  0.43 369.8
 200106 159 ANC  4.41  3.74  0.33  0.30  0.33 377.0
 200106 160 ANC  4.40  4.04  0.49  0.36  0.15 379.0
 200106 161 ANC  4.29  3.92  0.47  0.40  0.12 389.3
 200106 162 ANC  4.29  3.33  0.18  0.33  0.36 389.4
 200106 163 ANC  4.27  3.17  0.15  0.27  0.41 391.7
 200106 164 ANC  4.39  3.40  0.20  0.28  0.39 382.4
 200106 165 ANC  4.43  3.68  0.35  0.31  0.24 379.6
 200106 166 ANC  4.67  4.30  0.52  0.34  0.14 363.5
 200106 167 ANC  5.07  4.67  0.50  0.34  0.17 338.9
 200106 168 ANC  4.74  4.24  0.38  0.37  0.26 359.4
 200106 169 ANC  4.50  3.83  0.39  0.30  0.24 376.1
 200106 170 ANC  4.32  3.82  0.39  0.32  0.29 390.1
 200106 171 ANC  4.39  3.56  0.29  0.28  0.33 385.0
 200106 172 ANC  4.70  4.29  0.47  0.36  0.17 362.8
 200106 173 ANC  5.12  4.77  0.54  0.37  0.09 336.8
 200106 174 ANC  4.94  4.48  0.44  0.40  0.15 346.7
 200106 175 ANC  4.87  3.97  0.29  0.36  0.23 350.4
 200106 176 ANC  4.94  4.05  0.34  0.34  0.19 346.1
 200106 177 ANC  5.16  4.63  0.48  0.36  0.12 333.3
 200106 178 ANC  5.05  4.14  0.35  0.31  0.21 338.8
 200106 179 ANC  4.72  4.46  0.60  0.35  0.05 358.7
 200106 180 ANC  4.57  3.92  0.25  0.38  0.37 368.5
 200106 181 ANC  4.45  3.96  0.39  0.35  0.26 376.6
 200107 182 ANC  4.50  3.39  0.23  0.30  0.26 371.8
 200107 183 ANC  4.82  3.75  0.23  0.33  0.28 349.5
 200107 184 ANC  5.06  3.03  0.08  0.19  0.29 334.7
 200107 185 ANC  4.62  2.50  0.00  0.14  0.35 360.7
 200107 186 ANC  4.55  2.83  0.03  0.26  0.33 364.7
 200107 187 ANC  4.42  3.80  0.38  0.33  0.23 372.1
 200107 188 ANC  4.58  3.53  0.20  0.31  0.34 360.5
 200107 189 ANC  4.50  2.97  0.11  0.21  0.36 364.9
 200107 190 ANC  4.50  3.71  0.35  0.33  0.20 363.7
 200107 191 ANC  4.34  2.80  0.06  0.27  0.32 373.6
 200107 192 ANC  4.25  2.13  0.00  0.08  0.34 378.4
 200107 193 ANC  4.25  2.38  0.00  0.15  0.38 376.4
 200107 194 ANC  4.88  2.98  0.04  0.20  0.37 332.8
 200107 195 ANC  4.97  3.88  0.20  0.34  0.32 325.6
 200107 196 ANC  4.91  3.07  0.07  0.26  0.27 327.3
 200107 197 ANC  4.61  2.72  0.04  0.20  0.32 344.5
 200107 198 ANC  4.87  4.16  0.23  0.42  0.34 326.5
 200107 199 ANC  5.26  3.53  0.15  0.29  0.21 304.2
 200107 200 ANC  5.05  2.33  0.00  0.06  0.27 313.5
 200107 201 ANC  4.72  2.58  0.00  0.15  0.35 330.1
 200107 202 ANC  4.85  2.46  0.00  0.11  0.31 320.3
 200107 203 ANC  4.67  2.32  0.00  0.08  0.33 328.7
 200107 204 ANC  4.57  2.15  0.00  0.04  0.32 332.5
 200107 206 ANC  4.42  2.75  0.04  0.20  0.40 337.3
 200107 207 ANC  4.27  3.01  0.15  0.25  0.35 344.9
 200107 208 ANC  4.37  3.53  0.27  0.29  0.34 335.2
 200107 209 ANC  4.34  3.22  0.17  0.33  0.29 334.8
 200107 210 ANC  4.36  2.70  0.03  0.26  0.32 330.7
 200107 211 ANC  4.23  2.04  0.00  0.08  0.29 337.2
 200107 212 ANC  4.13  2.22  0.00  0.15  0.33 340.9
 200108 213 ANC  4.25  3.87  0.48  0.31  0.22 329.0
 200108 214 ANC  4.59  4.00  0.34  0.39  0.24 305.0
 200108 215 ANC  4.35  2.25  0.00  0.12  0.32 316.3
 200108 216 ANC  4.31  3.25  0.25  0.26  0.29 316.0
 200108 217 ANC  4.26  3.74  0.42  0.36  0.17 316.0
 200108 218 ANC  4.21  3.82  0.42  0.41  0.17 316.0
 200108 219 ANC  4.16  3.83  0.53  0.32  0.15 316.0
 200108 220 ANC  4.11  3.54  0.25  0.39  0.37 316.0
 200108 221 ANC  4.17  3.72  0.43  0.30  0.27 308.2
 200108 222 ANC  4.19  3.39  0.23  0.35  0.33 303.2
 200108 223 ANC  4.26  2.74  0.04  0.27  0.35 295.4
 200108 224 ANC  4.36  2.99  0.16  0.30  0.21 285.9
 200108 225 ANC  4.88  4.04  0.34  0.38  0.15 256.7
 200108 226 ANC  4.99  3.12  0.06  0.25  0.30 248.4
 200108 227 ANC  4.50  2.03  0.00  0.08  0.22 268.2
 200108 228 ANC  4.29  2.07  0.00  0.11  0.25 275.3
 200108 229 ANC  4.20  2.16  0.00  0.13  0.30 276.3
 200108 230 ANC  3.72  2.02  0.04  0.11  0.33 302.9
 200108 231 ANC  3.71  1.84  0.00  0.07  0.34 299.3
 200108 232 ANC  3.32  1.81  0.00  0.13  0.37 324.2
 200108 233 ANC  3.65  3.00  0.41  0.31  0.12 294.3
 200108 234 ANC  3.65  3.41  0.55  0.36  0.09 290.2
 200108 235 ANC  3.19  2.32  0.23  0.30  0.20 320.9
 200108 236 ANC  3.00  1.78  0.00  0.18  0.42 333.4
 200108 237 ANC  2.98  1.95  0.10  0.23  0.34 330.0
 200108 238 ANC  3.04  1.77  0.04  0.14  0.39 318.9
 200108 239 ANC  2.91  1.84  0.04  0.20  0.42 325.1
 200108 240 ANC  2.91  1.42  0.06  0.05  0.25 319.4
 200108 241 ANC  2.80  1.78  0.11  0.16  0.37 324.3
 200108 242 ANC  2.77  1.43  0.00  0.06  0.41 322.5
 200108 243 ANC  2.73  1.68  0.12  0.15  0.32 320.2
 200109 244 ANC  2.62  2.00  0.34  0.24  0.19 326.0
 200109 245 ANC  2.54  2.19  0.48  0.27  0.16 329.2
 200109 246 ANC  2.67  1.93  0.18  0.25  0.34 308.6
 200109 247 ANC  2.77  1.12  0.00  0.02  0.19 292.5
 200109 248 ANC  2.45  1.57  0.00  0.26  0.43 319.7
 200109 249 ANC  2.44  1.75  0.10  0.32  0.36 313.7
 200109 250 ANC  2.31  1.63  0.15  0.24  0.36 322.1
 200109 251 ANC  2.20  1.99  0.44  0.35  0.21 329.1
 200109 252 ANC  2.17  1.98  0.50  0.32  0.18 325.7
 200109 253 ANC  2.08  1.85  0.37  0.37  0.26 331.3
 200109 254 ANC  1.98  1.36  0.13  0.24  0.35 338.9
 200109 255 ANC  1.91  0.98  0.00  0.10  0.34 342.1
 200109 256 ANC  1.81  0.95  0.00  0.09  0.38 351.5
 200109 257 ANC  1.95  1.27  0.08  0.22  0.37 320.4
 200109 258 ANC  2.02  1.44  0.11  0.31  0.35 301.5
 200109 259 ANC  1.90  1.19  0.11  0.19  0.30 311.2
 200109 260 ANC  1.88  1.16  0.10  0.15  0.36 306.3
 200109 261 ANC  1.78  1.20  0.10  0.23  0.39 313.4
 200109 263 ANC  1.61  1.23  0.20  0.23  0.44 327.4
 200109 264 ANC  1.54  1.20  0.28  0.26  0.30 331.9
 200109 265 ANC  1.48  0.91  0.10  0.19  0.30 335.2
 200109 266 ANC  1.44  0.80  0.00  0.15  0.38 335.2
 200109 267 ANC  1.30  0.77  0.03  0.16  0.40 358.2
 200109 268 ANC  1.33  0.87  0.09  0.20  0.38 338.6
 200109 269 ANC  1.37  0.93  0.07  0.25  0.42 320.3
 200109 270 ANC  1.25  0.88  0.11  0.26  0.39 337.2
 200109 271 ANC  1.16  0.74  0.00  0.23  0.45 349.8
 200109 272 ANC  1.13  0.83  0.11  0.31  0.41 351.4
 200110 274 ANC  1.13  0.64  0.00  0.17  0.38 330.6
 200110 275 ANC  1.11  0.84  0.16  0.23  0.48 325.4
 200110 276 ANC  1.22  0.54  0.00  0.06  0.23 288.3
 200110 277 ANC  1.11  0.73  0.20  0.15  0.30 304.7
 200110 278 ANC  1.07  0.60  0.14  0.00  0.36 304.7
 200110 279 ANC  0.99  0.72  0.18  0.21  0.41 317.6
 200110 280 ANC  0.89  0.60  0.12  0.22  0.35 337.8
 200110 281 ANC  0.82  0.59  0.14  0.32  0.28 351.3
 200110 282 ANC  0.80  0.45  0.04  0.13  0.37 353.2
 200110 283 ANC  0.76  0.48  0.04  0.25  0.35 360.0
 200110 284 ANC  0.80  0.53  0.04  0.28  0.39 330.2
 200110 285 ANC  0.73  0.61  0.28  0.30  0.37 345.8
 200110 286 ANC  0.74  0.46  0.06  0.30  0.21 331.4
 200110 287 ANC  0.70  0.33  0.00  0.09  0.26 338.2
 200110 288 ANC  0.67  0.39  0.05  0.18  0.30 338.1
 200110 289 ANC  0.64  0.59  0.54  0.32  0.13 339.1
 200110 290 ANC  0.64  0.32  0.04  0.16  0.15 324.1
 200110 291 ANC  0.60  0.47  0.14  0.36  0.40 334.4
 200110 292 ANC  0.62  0.50  0.33  0.33  0.19 312.9
 200110 293 ANC  0.55  0.30  0.03  0.20  0.21 339.1
 200110 294 ANC  0.50  0.32  0.07  0.19  0.39 364.8
 200110 295 ANC  0.50  0.37  0.12  0.27  0.47 354.0
 200110 296 ANC  0.46  0.35  0.24  0.32  0.23 367.0
 200110 297 ANC  0.45  0.37  0.35  0.30  0.22 363.4
 200110 298 ANC  0.44  0.35  0.28  0.32  0.28 357.7
 200110 299 ANC  0.41  0.32  0.20  0.27  0.40 367.4
 200110 300 ANC  0.37  0.30  0.21  0.43  0.25 389.6
 200110 301 ANC  0.36  0.26  0.11  0.30  0.43 391.1
 200110 302 ANC  0.37  0.27  0.12  0.38  0.27 362.4
 200110 303 ANC  0.35  0.26  0.28  0.30  0.16 365.6
 200110 304 ANC  0.36  0.16  0.00  0.03  0.26 340.6
 200111 305 ANC  0.33  0.17  0.00  0.16  0.31 371.2
 200111 306 ANC  0.33  0.18  0.00  0.20  0.32 354.3
 200111 307 ANC  0.31  0.22  0.16  0.22  0.36 356.3
 200111 308 ANC  0.31  0.23  0.30  0.13  0.35 343.6
 200111 309 ANC  0.30  0.22  0.09  0.26  0.48 344.4
 200111 310 ANC  0.28  0.19  0.18  0.25  0.22 349.4
 200111 311 ANC  0.26  0.23  0.28  0.41  0.32 357.5
 200111 312 ANC  0.26  0.23  0.53  0.26  0.14 351.7
 200111 313 ANC  0.25  0.21  0.37  0.33  0.19 354.5
 200111 314 ANC  0.24  0.15  0.05  0.21  0.44 365.0
 200111 315 ANC  0.24  0.15  0.02  0.20  0.45 344.3
 200111 316 ANC  0.23  0.16  0.07  0.23  0.47 347.3
 200111 317 ANC  0.22  0.16  0.15  0.34  0.28 362.5
 200111 318 ANC  0.21  0.14  0.09  0.28  0.28 356.0
 200111 319 ANC  0.20  0.13  0.06  0.19  0.47 363.2
 200111 320 ANC  0.19  0.12  0.06  0.21  0.39 373.1
 200111 321 ANC  0.20  0.09  0.00  0.00  0.31 332.3
 200111 322 ANC  0.19  0.10  0.00  0.12  0.36 338.7
 200111 323 ANC  0.20  0.14  0.19  0.15  0.46 314.0
 200111 324 ANC  0.18  0.14  0.27  0.12  0.53 343.3
 200111 325 ANC  0.18  0.14  0.14  0.23  0.63 336.7
 200111 326 ANC  0.17  0.11  0.12  0.15  0.37 340.0
 200111 327 ANC  0.17  0.11  0.15  0.14  0.40 339.2
 200111 328 ANC  0.18  0.13  0.23  0.23  0.34 309.9
 200111 329 ANC  0.17  0.14  0.30  0.38  0.18 315.4
 200111 330 ANC  0.16  0.13  0.31  0.21  0.39 327.3
 200111 331 ANC  0.15  0.11  0.16  0.26  0.35 328.5
 200111 332 ANC  0.14  0.10  0.10  0.31  0.33 367.7
 200111 333 ANC  0.13  0.11  0.25  0.39  0.23 379.8
 200111 334 ANC  0.13  0.10  0.23  0.40  0.28 389.6
 200112 335 ANC  0.12  0.09  0.21  0.35  0.25 404.5
 200112 336 ANC  0.12  0.10  0.36  0.32  0.16 390.6
 200112 337 ANC  0.12  0.08  0.15  0.31  0.24 401.2
 200112 338 ANC  0.12  0.10  0.42  0.28  0.21 404.3
 200112 339 ANC  0.11  0.10  0.43  0.30  0.18 398.1
 200112 340 ANC  0.10  0.07  0.10  0.26  0.43 458.1
 200112 341 ANC  0.11  0.08  0.09  0.35  0.34 418.8
 200112 342 ANC  0.11  0.09  0.25  0.40  0.19 405.5
 200112 343 ANC  0.11  0.05  0.00  0.09  0.23 398.6
 200112 344 ANC  0.11  0.07  0.00  0.20  0.45 387.2
 200112 345 ANC  0.11  0.05  0.00  0.09  0.32 384.2
 200112 346 ANC  0.10  0.06  0.02  0.19  0.28 404.1
 200112 347 ANC  0.10  0.07  0.16  0.30  0.30 436.4
 200112 348 ANC  0.10  0.07  0.14  0.32  0.23 445.5
 200112 349 ANC  0.09  0.06  0.14  0.33  0.20 455.3
 200112 350 ANC  0.09  0.08  0.29  0.29  0.32 445.4
 200112 351 ANC  0.10  0.07  0.29  0.28  0.19 432.0
 200112 352 ANC  0.10  0.06  0.19  0.25  0.20 435.7
 200112 353 ANC  0.10  0.07  0.21  0.31  0.24 411.4
 200112 354 ANC  0.10  0.05  0.00  0.06  0.36 399.3
 200112 355 ANC  0.10  0.05  0.00  0.11  0.40 420.4
 200112 356 ANC  0.10  0.06  0.00  0.16  0.55 396.1
 200112 357 ANC  0.10  0.07  0.14  0.12  0.52 400.4
 200112 358 ANC  0.10  0.09  0.32  0.37  0.30 406.6
 200112 359 ANC  0.10  0.05  0.00  0.00  0.33 400.9
 200112 360 ANC  0.12  0.06  0.06  0.00  0.33 333.2
 200112 361 ANC  0.12  0.09  0.14  0.13  0.68 335.2
 200112 362 ANC  0.12  0.09  0.22  0.18  0.44 325.5
 200112 363 ANC  0.11  0.07  0.06  0.11  0.41 351.8
 200112 364 ANC  0.10  0.07  0.00  0.19  0.56 391.1
 200112 365 ANC  0.11  0.07  0.08  0.21  0.25 363.7
