 ANC 20020101  0.11  0.08  0.12  0.12  0.60 372.8
 ANC 20020102  0.12  0.07  0.09  0.09  0.36 339.2
 ANC 20020103  0.12  0.06  0.00  0.15  0.33 363.1
 ANC 20020104  0.12  0.06  0.00  0.08  0.25 367.2
 ANC 20020105  0.12  0.05  0.00  0.03  0.26 392.9
 ANC 20020106  0.12  0.06  0.01  0.11  0.37 401.2
 ANC 20020107  0.12  0.07  0.00  0.18  0.47 389.8
 ANC 20020108  0.13  0.05  0.00  0.00  0.21 374.2
 ANC 20020109  0.13  0.07  0.00  0.10  0.49 373.7
 ANC 20020110  0.13  0.07  0.00  0.12  0.34 382.3
 ANC 20020111  0.13  0.08  0.01  0.15  0.48 393.5
 ANC 20020112  0.13  0.09  0.10  0.31  0.25 411.6
 ANC 20020113  0.13  0.07  0.00  0.15  0.37 426.0
 ANC 20020114  0.16  0.08  0.02  0.00  0.36 338.3
 ANC 20020115  0.16  0.07  0.00  0.06  0.29 351.5
 ANC 20020116  0.18  0.08  0.00  0.17  0.13 319.8
 ANC 20020117  0.17  0.09  0.00  0.12  0.31 341.4
 ANC 20020118  0.16  0.09  0.10  0.16  0.26 390.9
 ANC 20020119  0.16  0.11  0.12  0.29  0.25 391.4
 ANC 20020120  0.15  0.11  0.27  0.26  0.21 462.6
 ANC 20020121  0.15  0.12  0.33  0.29  0.22 445.7
 ANC 20020122  0.17  0.06  0.00  0.00  0.09 416.2
 ANC 20020123  0.16  0.09  0.00  0.24  0.26 485.0
 ANC 20020124  0.17  0.13  0.30  0.31  0.19 461.7
 ANC 20020125  0.18  0.16  0.39  0.35  0.15 422.9
 ANC 20020126  0.21  0.15  0.21  0.36  0.14 380.7
 ANC 20020127  0.23  0.10  0.00  0.08  0.18 346.1
 ANC 20020128  0.25  0.17  0.10  0.29  0.30 319.7
 ANC 20020129  0.26  0.11  0.00  0.00  0.25 327.4
 ANC 20020130  0.24  0.14  0.00  0.19  0.37 360.5
 ANC 20020131  0.25  0.20  0.31  0.27  0.28 362.7
 ANC 20020201  0.25  0.16  0.05  0.18  0.45 379.6
 ANC 20020202  0.24  0.15  0.08  0.14  0.37 422.2
 ANC 20020203  0.27  0.13  0.00  0.09  0.31 384.7
 ANC 20020204  0.26  0.14  0.00  0.12  0.36 417.1
 ANC 20020205  0.28  0.18  0.00  0.21  0.52 413.0
 ANC 20020206  0.29  0.18  0.00  0.20  0.45 400.5
 ANC 20020207  0.28  0.17  0.00  0.19  0.39 436.1
 ANC 20020208  0.28  0.15  0.00  0.12  0.31 452.2
 ANC 20020209  0.32  0.15  0.00  0.12  0.19 410.2
 ANC 20020210  0.30  0.15  0.00  0.14  0.21 451.0
 ANC 20020211  0.32  0.14  0.00  0.03  0.22 445.0
 ANC 20020212  0.36  0.23  0.01  0.19  0.49 408.3
 ANC 20020213  0.41  0.17  0.00  0.01  0.22 368.2
 ANC 20020214  0.40  0.26  0.00  0.20  0.52 389.8
 ANC 20020215  0.45  0.28  0.00  0.21  0.45 357.3
 ANC 20020216  0.41  0.26  0.00  0.25  0.44 415.3
 ANC 20020217  0.40  0.24  0.00  0.22  0.35 445.8
 ANC 20020218  0.42  0.29  0.08  0.26  0.40 443.1
 ANC 20020219  0.43  0.33  0.21  0.36  0.24 452.2
 ANC 20020220  0.44  0.37  0.39  0.28  0.22 453.1
 ANC 20020221  0.48  0.45  0.69  0.23  0.08 432.0
 ANC 20020222  0.49  0.33  0.15  0.31  0.20 436.9
 ANC 20020223  0.60  0.35  0.01  0.19  0.38 363.8
 ANC 20020224  0.71  0.56  0.24  0.34  0.28 319.8
 ANC 20020225  0.69  0.39  0.05  0.10  0.38 342.5
 ANC 20020226  0.67  0.31  0.02  0.02  0.31 364.1
 ANC 20020227  0.68  0.44  0.10  0.16  0.43 372.6
 ANC 20020228  0.69  0.42  0.05  0.13  0.44 379.6
 ANC 20020301  0.69  0.36  0.00  0.17  0.26 396.7
 ANC 20020302  0.73  0.54  0.23  0.29  0.24 386.7
 ANC 20020303  0.75  0.70  0.61  0.26  0.13 387.0
 ANC 20020304  0.81  0.74  0.58  0.25  0.15 375.7
 ANC 20020305  0.77  0.74  0.74  0.21  0.03 407.7
 ANC 20020306  0.77  0.71  0.64  0.18  0.18 425.0
 ANC 20020307  0.80  0.74  0.57  0.26  0.17 421.9
 ANC 20020308  0.81  0.74  0.63  0.11  0.24 431.0
 ANC 20020310  0.82  0.73  0.46  0.26  0.28 460.3
 ANC 20020311  0.83  0.76  0.51  0.30  0.19 468.0
 ANC 20020312  0.92  0.89  0.68  0.32  0.00 429.5
 ANC 20020313  1.06  1.01  0.69  0.26  0.05 385.0
 ANC 20020314  1.14  0.99  0.29  0.40  0.29 370.1
 ANC 20020315  1.32  0.96  0.22  0.35  0.15 332.3
 ANC 20020316  1.36  0.90  0.18  0.32  0.08 331.7
 ANC 20020317  1.39  0.75  0.08  0.19  0.14 336.6
 ANC 20020318  1.44  1.28  0.49  0.32  0.14 334.1
 ANC 20020319  1.48  1.37  0.62  0.20  0.18 334.1
 ANC 20020320  1.51  1.42  0.78  0.14  0.04 337.8
 ANC 20020321  1.44  1.22  0.37  0.38  0.15 364.1
 ANC 20020322  1.40  1.32  0.65  0.25  0.10 383.7
 ANC 20020323  1.35  1.21  0.44  0.30  0.27 408.8
 ANC 20020324  1.40  0.89  0.15  0.24  0.20 407.5
 ANC 20020325  1.40  0.66  0.01  0.07  0.27 418.3
 ANC 20020326  1.33  0.87  0.14  0.22  0.28 450.2
 ANC 20020327  1.37  1.07  0.19  0.30  0.39 450.8
 ANC 20020328  1.40  1.18  0.25  0.35  0.39 453.2
 ANC 20020329  1.50  1.27  0.29  0.45  0.18 433.0
 ANC 20020330  1.49  1.45  0.81  0.19  0.00 447.6
 ANC 20020331  1.54  1.49  0.73  0.27  0.00 442.0
 ANC 20020401  1.74  1.50  0.55  0.30  0.00 402.8
 ANC 20020402  2.02  1.90  0.50  0.46  0.04 356.8
 ANC 20020403  1.95  1.93  0.95  0.05  0.00 377.6
 ANC 20020404  1.78  1.71  0.69  0.31  0.00 421.6
 ANC 20020405  1.79  1.71  0.62  0.36  0.02 428.3
 ANC 20020406  1.79  1.76  0.91  0.09  0.00 439.8
 ANC 20020407  1.85  1.82  0.93  0.07  0.00 435.3
 ANC 20020408  1.95  1.59  0.24  0.39  0.27 421.2
 ANC 20020409  2.00  1.37  0.01  0.32  0.44 420.5
 ANC 20020410  1.89  1.66  0.29  0.45  0.26 452.9
 ANC 20020411  1.88  1.72  0.48  0.36  0.16 464.2
 ANC 20020412  2.02  1.87  0.50  0.40  0.10 440.6
 ANC 20020413  2.23  1.66  0.14  0.35  0.32 409.3
 ANC 20020414  2.33  2.00  0.25  0.43  0.30 399.5
 ANC 20020415  2.37  2.10  0.32  0.41  0.28 400.2
 ANC 20020416  2.34  2.18  0.44  0.50  0.06 412.2
 ANC 20020417  2.46  1.34  0.00  0.18  0.31 401.2
 ANC 20020418  2.78  1.23  0.00  0.03  0.27 364.7
 ANC 20020419  3.33  2.01  0.00  0.23  0.38 315.9
 ANC 20020420  3.26  1.78  0.01  0.18  0.29 326.4
 ANC 20020421  2.80  2.25  0.18  0.33  0.43 380.6
 ANC 20020422  2.52  2.29  0.40  0.45  0.15 424.7
 ANC 20020423  2.54  2.38  0.56  0.38  0.05 427.2
 ANC 20020424  2.41  2.34  0.75  0.25  0.00 455.4
 ANC 20020425  2.81  2.65  0.53  0.42  0.06 400.9
 ANC 20020426  3.08  2.06  0.17  0.21  0.28 374.1
 ANC 20020427  3.29  2.70  0.25  0.42  0.22 357.6
 ANC 20020428  4.01  1.93  0.14  0.08  0.06 305.1
 ANC 20020429  4.02  2.32  0.00  0.23  0.31 308.0
 ANC 20020430  3.90  1.96  0.00  0.06  0.37 320.3
 ANC 20020501  3.31  2.67  0.21  0.42  0.26 374.7
 ANC 20020503  2.90  2.56  0.33  0.41  0.26 432.1
 ANC 20020504  2.97  2.89  0.86  0.13  0.00 427.4
 ANC 20020505  3.50  2.10  0.03  0.23  0.32 372.6
 ANC 20020506  3.71  2.25  0.00  0.21  0.41 357.3
 ANC 20020507  3.86  2.15  0.00  0.19  0.32 349.0
 ANC 20020508  4.07  2.18  0.00  0.16  0.31 336.9
 ANC 20020509  3.58  2.08  0.00  0.18  0.39 380.7
 ANC 20020510  3.48  2.31  0.00  0.28  0.45 394.1
 ANC 20020511  3.60  3.02  0.37  0.27  0.28 386.3
 ANC 20020512  3.66  3.31  0.48  0.30  0.22 384.0
 ANC 20020513  3.47  3.20  0.53  0.32  0.15 405.4
 ANC 20020514  3.55  2.83  0.26  0.32  0.29 400.6
 ANC 20020515  3.56  2.94  0.36  0.27  0.27 402.5
 ANC 20020516  3.66  3.19  0.32  0.36  0.32 396.2
 ANC 20020517  4.24  3.94  0.51  0.40  0.09 350.7
 ANC 20020518  4.92  4.88  1.00  0.00  0.00 311.0
 ANC 20020519  4.48  4.28  0.69  0.28  0.03 339.9
 ANC 20020520  4.34  4.03  0.53  0.37  0.10 351.5
 ANC 20020521  4.36  4.00  0.52  0.31  0.17 352.7
 ANC 20020522  4.22  3.11  0.15  0.24  0.44 365.3
 ANC 20020523  4.20  3.70  0.43  0.23  0.34 368.3
 ANC 20020524  4.34  4.03  0.59  0.27  0.14 360.1
 ANC 20020525  4.24  3.93  0.56  0.28  0.17 369.4
 ANC 20020526  4.03  3.50  0.39  0.34  0.22 388.0
 ANC 20020527  4.07  2.74  0.06  0.24  0.43 386.7
 ANC 20020528  4.19  2.93  0.06  0.31  0.40 379.0
 ANC 20020529  4.45  2.95  0.10  0.22  0.37 361.7
 ANC 20020530  4.83  3.55  0.17  0.27  0.36 338.9
 ANC 20020531  5.09  4.20  0.26  0.32  0.36 325.2
 ANC 20020601  4.93  3.59  0.23  0.21  0.33 335.5
 ANC 20020602  4.52  3.24  0.10  0.27  0.43 362.5
 ANC 20020603  4.46  3.39  0.20  0.25  0.40 368.1
 ANC 20020604  4.44  2.35  0.02  0.07  0.39 370.4
 ANC 20020605  4.23  2.16  0.00  0.06  0.39 388.1
 ANC 20020606  4.59  2.24  0.00  0.03  0.38 362.7
 ANC 20020607  4.96  3.95  0.25  0.29  0.35 339.9
 ANC 20020608  4.97  3.02  0.22  0.12  0.18 340.4
 ANC 20020609  4.62  2.37  0.00  0.07  0.38 363.7
 ANC 20020611  4.59  2.94  0.00  0.22  0.48 367.1
 ANC 20020612  4.62  3.34  0.13  0.26  0.41 365.4
 ANC 20020613  5.00  4.39  0.37  0.33  0.29 341.5
 ANC 20020614  4.88  4.57  0.56  0.33  0.12 348.8
 ANC 20020615  4.97  4.69  0.54  0.42  0.05 344.4
 ANC 20020616  4.86  4.23  0.31  0.44  0.22 350.8
 ANC 20020617  4.80  4.17  0.34  0.43  0.18 355.3
 ANC 20020618  4.65  4.07  0.36  0.43  0.16 365.5
 ANC 20020619  4.91  3.20  0.15  0.24  0.23 348.7
 ANC 20020620  4.99  3.71  0.11  0.31  0.42 344.6
 ANC 20020621  5.11  3.85  0.21  0.29  0.31 337.8
 ANC 20020622  4.93  4.50  0.47  0.37  0.16 347.7
 ANC 20020623  5.08  3.61  0.10  0.29  0.39 338.9
 ANC 20020624  4.90  3.33  0.09  0.26  0.37 348.6
 ANC 20020625  4.98  3.30  0.15  0.14  0.40 343.8
 ANC 20020626  5.13  3.19  0.11  0.15  0.35 334.7
 ANC 20020627  4.99  3.90  0.28  0.22  0.36 342.3
 ANC 20020628  4.98  4.52  0.46  0.35  0.19 342.8
 ANC 20020629  4.97  4.30  0.41  0.33  0.20 343.2
 ANC 20020630  5.00  4.56  0.48  0.37  0.14 340.9
 ANC 20020701  5.00  3.58  0.13  0.32  0.31 339.9
 ANC 20020702  5.13  4.14  0.40  0.26  0.17 331.4
 ANC 20020703  4.93  3.12  0.18  0.21  0.18 342.3
 ANC 20020704  4.63  3.19  0.00  0.39  0.36 360.1
 ANC 20020705  4.98  3.65  0.30  0.29  0.11 336.9
 ANC 20020706  4.97  3.98  0.18  0.35  0.39 336.5
 ANC 20020707  5.36  4.15  0.17  0.33  0.37 314.9
 ANC 20020708  5.15  4.40  0.32  0.40  0.22 324.2
 ANC 20020709  4.50  2.90  0.03  0.22  0.44 363.7
 ANC 20020710  4.51  3.24  0.15  0.27  0.35 361.6
 ANC 20020711  4.78  3.72  0.37  0.23  0.19 342.0
 ANC 20020712  4.64  3.66  0.24  0.31  0.32 348.9
 ANC 20020713  4.96  3.22  0.00  0.27  0.43 327.8
 ANC 20020714  4.81  3.72  0.16  0.36  0.34 335.2
 ANC 20020715  4.65  3.60  0.16  0.34  0.37 343.1
 ANC 20020716  4.66  4.28  0.48  0.39  0.13 341.3
 ANC 20020717  4.80  3.70  0.27  0.33  0.20 331.0
 ANC 20020718  4.67  2.39  0.01  0.07  0.36 337.0
 ANC 20020719  4.46  3.93  0.43  0.26  0.30 348.1
 ANC 20020720  4.34  3.04  0.04  0.30  0.45 355.0
 ANC 20020721  4.83  2.48  0.05  0.12  0.23 321.8
 ANC 20020722  4.95  2.79  0.00  0.18  0.35 312.8
 ANC 20020723  4.82  2.75  0.14  0.14  0.19 317.6
 ANC 20020724  4.93  2.30  0.02  0.01  0.32 309.4
 ANC 20020725  4.90  3.65  0.12  0.28  0.45 308.4
 ANC 20020726  4.69  2.37  0.01  0.08  0.33 318.1
 ANC 20020727  4.48  2.55  0.00  0.17  0.38 328.2
 ANC 20020728  4.53  3.47  0.23  0.30  0.29 322.0
 ANC 20020729  4.67  4.35  0.58  0.33  0.08 312.0
 ANC 20020730  4.77  4.38  0.49  0.37  0.14 304.2
 ANC 20020731  4.40  4.03  0.47  0.39  0.14 322.5
 ANC 20020802  4.81  4.40  0.45  0.43  0.11 293.1
 ANC 20020803  4.74  4.44  0.52  0.42  0.06 293.9
 ANC 20020804  4.53  4.13  0.41  0.45  0.14 302.0
 ANC 20020805  4.58  3.10  0.07  0.32  0.31 296.6
 ANC 20020806  4.43  2.23  0.00  0.11  0.30 302.0
 ANC 20020807  4.20  2.13  0.00  0.11  0.31 313.0
 ANC 20020808  3.95  2.22  0.00  0.15  0.39 326.2
 ANC 20020809  3.55  2.80  0.23  0.34  0.29 354.9
 ANC 20020810  3.78  1.88  0.00  0.12  0.27 331.5
 ANC 20020811  3.96  1.94  0.00  0.11  0.27 314.9
 ANC 20020812  3.87  1.80  0.00  0.06  0.28 317.1
 ANC 20020813  3.62  3.38  0.47  0.46  0.08 331.6
 ANC 20020814  3.99  3.74  0.50  0.46  0.04 300.8
 ANC 20020815  4.00  3.36  0.38  0.36  0.14 296.3
 ANC 20020816  4.20  3.44  0.34  0.33  0.20 280.2
 ANC 20020817  4.01  3.19  0.23  0.37  0.27 288.2
 ANC 20020818  4.22  2.73  0.09  0.27  0.28 271.6
 ANC 20020819  4.30  2.35  0.00  0.22  0.25 264.1
 ANC 20020820  3.97  1.58  0.00  0.10  0.06 277.7
 ANC 20020821  3.68  1.48  0.00  0.00  0.21 292.5
 ANC 20020822  3.55  2.01  0.00  0.14  0.41 296.9
 ANC 20020823  3.17  1.91  0.05  0.16  0.39 322.9
 ANC 20020824  3.03  2.12  0.10  0.24  0.43 330.8
 ANC 20020825  2.95  2.14  0.16  0.23  0.41 332.9
 ANC 20020826  2.71  2.40  0.40  0.35  0.24 353.2
 ANC 20020827  2.84  2.25  0.29  0.31  0.24 332.7
 ANC 20020828  2.82  2.52  0.44  0.37  0.16 328.7
 ANC 20020829  2.84  1.49  0.00  0.12  0.34 321.3
 ANC 20020830  2.71  1.42  0.00  0.11  0.35 328.4
 ANC 20020831  2.65  1.46  0.00  0.14  0.38 329.4
 ANC 20020901  2.46  1.53  0.01  0.23  0.41 345.5
 ANC 20020902  2.73  2.51  0.51  0.34  0.15 308.6
 ANC 20020903  3.02  2.74  0.39  0.42  0.20 276.2
 ANC 20020904  3.25  2.10  0.17  0.30  0.10 254.1
 ANC 20020905  3.19  1.51  0.02  0.05  0.28 253.0
 ANC 20020906  2.87  1.53  0.00  0.13  0.34 271.6
 ANC 20020907  2.73  1.60  0.00  0.17  0.42 277.9
 ANC 20020908  2.67  1.55  0.00  0.16  0.42 277.5
 ANC 20020909  2.58  1.64  0.02  0.23  0.42 279.6
 ANC 20020910  2.37  1.99  0.23  0.40  0.34 295.5
 ANC 20020911  2.18  1.13  0.00  0.13  0.31 311.4
 ANC 20020912  2.45  1.06  0.00  0.01  0.27 273.3
 ANC 20020913  2.18  0.98  0.00  0.02  0.30 297.1
 ANC 20020914  2.06  0.94  0.00  0.06  0.26 304.1
 ANC 20020915  1.88  1.06  0.02  0.14  0.38 322.4
 ANC 20020916  1.73  1.37  0.23  0.33  0.31 338.9
 ANC 20020917  1.69  1.09  0.08  0.18  0.41 337.1
 ANC 20020918  1.53  1.23  0.27  0.28  0.34 360.2
 ANC 20020919  1.55  1.05  0.06  0.29  0.37 347.7
 ANC 20020920  1.48  1.30  0.40  0.33  0.25 353.5
 ANC 20020921  1.55  1.48  0.77  0.16  0.07 330.3
 ANC 20020922  1.69  1.16  0.10  0.26  0.37 295.4
 ANC 20020923  1.69  0.97  0.00  0.14  0.43 287.7
 ANC 20020924  1.68  0.59  0.00  0.03  0.05 281.5
 ANC 20020925  1.46  0.91  0.00  0.25  0.40 312.0
 ANC 20020926  1.61  1.08  0.02  0.27  0.45 274.3
 ANC 20020927  1.43  0.91  0.01  0.26  0.40 297.7
 ANC 20020928  1.32  0.82  0.06  0.19  0.37 311.0
 ANC 20020929  1.33  0.76  0.00  0.19  0.35 299.3
 ANC 20020930  1.28  0.59  0.00  0.08  0.23 300.5
 ANC 20021001  1.19  0.78  0.08  0.22  0.39 314.4
 ANC 20021002  1.09  0.84  0.30  0.29  0.19 330.6
 ANC 20021003  1.07  0.66  0.11  0.34  0.07 325.2
 ANC 20021004  1.04  0.78  0.22  0.23  0.36 322.9
 ANC 20021005  1.05  0.52  0.03  0.06  0.30 311.3
 ANC 20021006  1.02  0.81  0.14  0.29  0.52 307.0
 ANC 20021007  0.96  0.44  0.01  0.08  0.21 314.8
 ANC 20021008  0.84  0.60  0.19  0.27  0.27 346.2
 ANC 20021009  0.89  0.76  0.37  0.35  0.20 313.7
 ANC 20021010  0.91  0.60  0.21  0.29  0.08 297.6
 ANC 20021011  0.93  0.48  0.01  0.09  0.34 283.7
 ANC 20021012  0.83  0.58  0.16  0.14  0.47 305.9
 ANC 20021013  0.87  0.42  0.02  0.04  0.31 282.8
 ANC 20021014  0.82  0.52  0.06  0.21  0.38 286.6
 ANC 20021015  0.81  0.35  0.00  0.02  0.25 280.4
 ANC 20021016  0.70  0.42  0.02  0.18  0.40 310.0
 ANC 20021017  0.81  0.39  0.02  0.17  0.13 259.6
 ANC 20021018  0.75  0.33  0.03  0.02  0.22 265.5
 ANC 20021019  0.64  0.36  0.03  0.11  0.38 300.1
 ANC 20021020  0.69  0.36  0.07  0.06  0.29 270.3
 ANC 20021021  0.63  0.41  0.04  0.18  0.47 285.1
 ANC 20021022  0.60  0.34  0.06  0.11  0.35 292.0
 ANC 20021023  0.58  0.31  0.05  0.02  0.41 288.9
 ANC 20021024  0.55  0.35  0.09  0.08  0.50 291.2
 ANC 20021025  0.51  0.24  0.02  0.00  0.33 303.5
 ANC 20021026  0.48  0.36  0.21  0.12  0.56 312.0
 ANC 20021027  0.46  0.34  0.20  0.23  0.39 307.1
 ANC 20021028  0.48  0.21  0.06  0.03  0.17 283.3
 ANC 20021029  0.45  0.26  0.13  0.00  0.39 288.9
 ANC 20021030  0.41  0.30  0.13  0.12  0.68 313.6
 ANC 20021031  0.38  0.26  0.02  0.21  0.58 326.3
 ANC 20021101  0.37  0.23  0.01  0.21  0.46 319.9
 ANC 20021102  0.37  0.19  0.00  0.14  0.30 305.0
 ANC 20021103  0.36  0.18  0.00  0.09  0.30 301.0
 ANC 20021104  0.37  0.23  0.10  0.06  0.50 279.5
 ANC 20021105  0.35  0.16  0.04  0.00  0.27 291.1
 ANC 20021106  0.33  0.25  0.27  0.07  0.54 289.7
 ANC 20021107  0.31  0.25  0.28  0.18  0.51 302.0
 ANC 20021108  0.29  0.23  0.24  0.32  0.31 312.3
 ANC 20021109  0.26  0.22  0.42  0.27  0.19 329.0
 ANC 20021110  0.25  0.17  0.09  0.34  0.23 335.8
 ANC 20021111  0.25  0.14  0.00  0.19  0.31 328.1
 ANC 20021112  0.25  0.19  0.09  0.26  0.52 313.4
 ANC 20021113  0.23  0.16  0.17  0.25  0.27 328.9
 ANC 20021114  0.21  0.14  0.06  0.21  0.43 349.5
 ANC 20021115  0.21  0.13  0.00  0.21  0.41 349.5
 ANC 20021116  0.19  0.12  0.10  0.19  0.28 380.1
 ANC 20021117  0.18  0.10  0.03  0.14  0.35 395.3
 ANC 20021118  0.17  0.10  0.00  0.14  0.36 389.4
 ANC 20021119  0.16  0.09  0.06  0.11  0.37 405.5
 ANC 20021120  0.15  0.08  0.00  0.11  0.33 425.0
 ANC 20021121  0.17  0.10  0.00  0.19  0.49 375.7
 ANC 20021122  0.17  0.09  0.00  0.09  0.44 363.0
 ANC 20021123  0.16  0.08  0.00  0.03  0.41 378.7
 ANC 20021124  0.14  0.10  0.07  0.24  0.44 412.4
 ANC 20021125  0.14  0.07  0.00  0.05  0.38 399.2
 ANC 20021126  0.15  0.08  0.03  0.02  0.48 368.5
 ANC 20021127  0.13  0.08  0.05  0.26  0.40 418.6
 ANC 20021128  0.13  0.08  0.00  0.19  0.52 403.5
 ANC 20021129  0.14  0.07  0.04  0.00  0.43 358.5
 ANC 20021130  0.13  0.07  0.10  0.10  0.25 373.0
 ANC 20021201  0.13  0.08  0.03  0.26  0.34 368.2
 ANC 20021202  0.13  0.07  0.03  0.17  0.27 359.4
 ANC 20021203  0.14  0.08  0.08  0.13  0.29 342.0
 ANC 20021204  0.12  0.07  0.04  0.14  0.34 368.8
 ANC 20021205  0.11  0.07  0.00  0.18  0.50 391.0
 ANC 20021206  0.11  0.06  0.00  0.08  0.44 380.8
 ANC 20021207  0.11  0.07  0.00  0.18  0.47 386.8
 ANC 20021208  0.11  0.07  0.01  0.19  0.51 382.1
 ANC 20021209  0.11  0.06  0.00  0.08  0.40 377.5
 ANC 20021210  0.10  0.08  0.13  0.16  0.62 398.2
 ANC 20021211  0.11  0.07  0.15  0.11  0.41 388.8
 ANC 20021212  0.10  0.06  0.08  0.19  0.34 413.9
