 ATL 20020101  2.62  1.90  0.14  0.37  0.24 294.1
 ATL 20020102  2.78  0.92  0.00  0.00  0.04 281.2
 ATL 20020103  2.48  0.97  0.11  0.00  0.00 313.7
 ATL 20020104  2.81  2.62  0.63  0.30  0.04 282.2
 ATL 20020105  2.76  2.26  0.33  0.38  0.14 288.5
 ATL 20020106  2.52  0.87  0.00  0.00  0.07 315.2
 ATL 20020107  2.30  1.01  0.18  0.00  0.01 345.0
 ATL 20020108  2.52  2.19  0.53  0.27  0.10 319.6
 ATL 20020109  2.80  2.40  0.46  0.30  0.14 292.5
 ATL 20020110  2.77  1.76  0.04  0.31  0.28 297.3
 ATL 20020111  2.91  1.18  0.00  0.02  0.19 286.2
 ATL 20020112  2.77  1.57  0.00  0.27  0.23 301.2
 ATL 20020113  2.77  2.41  0.50  0.32  0.07 304.9
 ATL 20020114  2.86  1.42  0.03  0.12  0.22 299.1
 ATL 20020115  3.05  2.87  0.64  0.29  0.06 286.1
 ATL 20020116  3.86  3.53  0.53  0.34  0.10 235.3
 ATL 20020117  3.36  2.23  0.02  0.36  0.31 267.8
 ATL 20020118  3.18  1.40  0.06  0.08  0.09 283.6
 ATL 20020119  3.45  1.22  0.00  0.00  0.09 266.7
 ATL 20020120  3.56  2.66  0.28  0.29  0.18 261.8
 ATL 20020121  4.31  2.75  0.15  0.22  0.23 224.0
 ATL 20020122  3.56  2.88  0.32  0.36  0.17 267.5
 ATL 20020123  4.13  1.94  0.00  0.09  0.25 238.1
 ATL 20020124  3.77  1.73  0.03  0.09  0.17 260.5
 ATL 20020125  3.53  1.94  0.00  0.21  0.27 278.9
 ATL 20020126  3.77  3.27  0.43  0.38  0.10 266.6
 ATL 20020127  4.09  3.18  0.23  0.37  0.22 251.0
 ATL 20020128  4.26  2.70  0.21  0.19  0.16 245.6
 ATL 20020129  4.22  2.65  0.09  0.27  0.23 249.6
 ATL 20020130  4.35  3.11  0.08  0.39  0.29 246.4
 ATL 20020131  4.19  2.52  0.13  0.20  0.20 257.3
 ATL 20020201  4.26  1.96  0.09  0.00  0.20 256.9
 ATL 20020202  3.62  3.40  0.55  0.39  0.06 299.2
 ATL 20020203  3.59  2.23  0.07  0.24  0.29 306.4
 ATL 20020204  3.69  3.54  0.72  0.25  0.03 303.4
 ATL 20020205  4.18  3.37  0.07  0.57  0.27 274.9
 ATL 20020206  4.39  1.41  0.00  0.01  0.00 267.4
 ATL 20020207  5.06  2.71  0.12  0.14  0.14 240.2
 ATL 20020208  5.24  4.99  0.67  0.30  0.02 236.1
 ATL 20020209  4.61  3.85  0.44  0.31  0.10 266.1
 ATL 20020210  4.17  2.31  0.00  0.22  0.27 293.6
 ATL 20020211  4.07  3.45  0.59  0.19  0.05 303.6
 ATL 20020212  4.13  3.71  0.58  0.28  0.07 304.4
 ATL 20020213  3.99  3.10  0.25  0.37  0.19 318.5
 ATL 20020214  4.16  3.84  0.60  0.32  0.04 311.0
 ATL 20020215  5.24  3.63  0.05  0.42  0.24 258.6
 ATL 20020216  3.95  3.48  0.47  0.34  0.12 333.6
 ATL 20020217  4.38  4.27  0.84  0.16  0.00 309.5
 ATL 20020218  4.33  4.12  0.60  0.37  0.04 316.4
 ATL 20020219  4.41  3.20  0.08  0.43  0.26 315.2
 ATL 20020220  4.71  1.72  0.00  0.00  0.12 301.7
 ATL 20020221  4.80  3.65  0.24  0.34  0.21 300.8
 ATL 20020222  4.84  3.17  0.06  0.33  0.26 302.8
 ATL 20020223  4.75  4.22  0.51  0.33  0.09 312.0
 ATL 20020224  5.49  4.88  0.54  0.31  0.07 279.2
 ATL 20020225  5.55  4.73  0.40  0.36  0.14 280.4
 ATL 20020226  4.71  2.81  0.14  0.20  0.17 326.3
 ATL 20020227  4.29  3.15  0.28  0.29  0.15 358.2
 ATL 20020228  5.04  4.33  0.47  0.34  0.07 315.6
 ATL 20020301  5.71  4.35  0.14  0.43  0.25 287.5
 ATL 20020302  5.93  2.04  0.00  0.00  0.07 281.6
 ATL 20020303  5.71  3.19  0.00  0.22  0.28 294.1
 ATL 20020304  5.73  5.34  0.59  0.34  0.05 297.4
 ATL 20020305  6.13  5.50  0.56  0.30  0.07 283.9
 ATL 20020306  7.06  6.52  0.60  0.32  0.04 255.2
 ATL 20020307  6.02  4.58  0.18  0.40  0.22 295.2
 ATL 20020308  6.22  5.02  0.22  0.45  0.20 290.6
 ATL 20020310  6.90  6.64  0.70  0.30  0.00 272.5
 ATL 20020311  6.96  6.57  0.59  0.36  0.05 273.1
 ATL 20020312  6.43  3.22  0.08  0.16  0.09 295.3
 ATL 20020313  6.84  4.80  0.19  0.28  0.23 283.5
 ATL 20020314  8.86  7.46  0.39  0.34  0.16 231.0
 ATL 20020315  8.65  5.78  0.11  0.26  0.31 238.4
 ATL 20020316  8.04  5.18  0.08  0.24  0.33 255.8
 ATL 20020317  7.79  4.81  0.04  0.24  0.33 265.4
 ATL 20020318  8.26  5.33  0.06  0.30  0.28 255.1
 ATL 20020319  9.49  7.10  0.10  0.43  0.28 229.6
 ATL 20020320  9.38  6.23  0.07  0.32  0.28 234.4
 ATL 20020321  6.94  4.33  0.15  0.23  0.18 304.2
 ATL 20020322  6.29  6.07  0.72  0.28  0.00 334.1
 ATL 20020323  6.90  6.60  0.69  0.28  0.03 311.9
 ATL 20020324  7.60  7.19  0.62  0.32  0.06 290.0
 ATL 20020325  8.65  5.97  0.18  0.28  0.22 262.9
 ATL 20020326  8.68  4.84  0.05  0.16  0.28 264.4
 ATL 20020327  8.05  7.49  0.61  0.30  0.07 284.0
 ATL 20020328  8.05  7.50  0.56  0.36  0.07 286.5
 ATL 20020329  7.85  6.09  0.19  0.41  0.23 295.0
 ATL 20020330  7.51  3.95  0.06  0.15  0.20 308.6
 ATL 20020331  7.88  4.42  0.00  0.19  0.33 298.9
 ATL 20020401  8.22  7.83  0.68  0.27  0.05 291.3
 ATL 20020402  9.00  7.45  0.15  0.60  0.15 271.7
 ATL 20020403  8.18  5.16  0.03  0.21  0.42 296.5
 ATL 20020404  8.45  6.23  0.12  0.48  0.15 291.0
 ATL 20020405  8.05  7.33  0.46  0.49  0.00 305.0
 ATL 20020406  7.09  6.57  0.50  0.47  0.00 341.9
 ATL 20020407  7.71  6.77  0.48  0.36  0.07 320.7
 ATL 20020408  8.76  4.31  0.00  0.00  0.43 290.4
 ATL 20020409  9.60  3.57  0.01  0.00  0.12 270.8
 ATL 20020410  9.59  7.44  0.24  0.35  0.23 273.0
 ATL 20020411 10.14  5.52  0.03  0.02  0.48 262.6
 ATL 20020412  8.76  4.22  0.03  0.08  0.24 298.0
 ATL 20020413  8.70  4.25  0.00  0.00  0.42 301.5
 ATL 20020414  8.92  5.21  0.02  0.10  0.48 296.9
 ATL 20020415  9.91  7.55  0.08  0.47  0.29 273.4
 ATL 20020416 10.90  8.12  0.03  0.45  0.36 254.1
 ATL 20020417  9.88  7.54  0.05  0.48  0.33 277.2
 ATL 20020418  9.43  7.62  0.08  0.55  0.29 290.1
 ATL 20020419 10.01  7.22  0.05  0.47  0.24 277.1
 ATL 20020420 10.28  7.05  0.04  0.40  0.27 272.6
 ATL 20020421 10.97  9.19  0.10  0.62  0.23 260.1
 ATL 20020422 11.37 10.19  0.24  0.60  0.17 253.2
 ATL 20020423 10.12  9.17  0.29  0.63  0.07 280.2
 ATL 20020424  9.60  6.25  0.19  0.18  0.25 294.1
 ATL 20020425  9.25  7.15  0.10  0.46  0.30 304.5
 ATL 20020426  9.33  7.48  0.22  0.51  0.10 303.5
 ATL 20020427 10.52  5.24  0.01  0.02  0.40 275.6
 ATL 20020428 12.37  9.62  0.06  0.52  0.29 242.3
 ATL 20020429 10.25  9.17  0.24  0.64  0.11 284.3
 ATL 20020430  8.61  5.00  0.08  0.13  0.33 330.3
 ATL 20020501  9.90  7.72  0.04  0.52  0.33 294.9
 ATL 20020503 11.11  5.98  0.00  0.03  0.50 269.5
 ATL 20020504 11.31  5.94  0.00  0.00  0.51 266.5
 ATL 20020505 12.57 10.66  0.15  0.63  0.16 244.8
 ATL 20020506 13.05  7.88  0.01  0.23  0.36 238.2
 ATL 20020507 11.45  8.72  0.02  0.49  0.36 266.2
 ATL 20020508 12.48  9.09  0.03  0.50  0.25 248.3
 ATL 20020509 12.04  9.27  0.14  0.45  0.24 256.7
 ATL 20020510 10.69  7.10  0.00  0.31  0.41 284.2
 ATL 20020511 10.74  7.28  0.02  0.31  0.41 283.8
 ATL 20020512 11.94  9.21  0.01  0.52  0.36 260.7
 ATL 20020513 10.97  6.45  0.00  0.13  0.48 279.7
 ATL 20020514  9.35  8.86  0.61  0.35  0.04 320.2
 ATL 20020515 10.24  9.71  0.58  0.38  0.05 297.4
 ATL 20020516 10.88  9.27  0.15  0.63  0.17 283.6
 ATL 20020517 10.63  6.27  0.00  0.21  0.37 289.6
 ATL 20020518  9.27  6.45  0.17  0.23  0.32 324.7
 ATL 20020519  9.50  8.94  0.66  0.28  0.04 319.0
 ATL 20020520 10.01  8.93  0.28  0.61  0.08 306.0
 ATL 20020521  9.44  8.16  0.26  0.55  0.13 322.1
 ATL 20020522  9.44  8.21  0.33  0.50  0.10 322.2
 ATL 20020523  9.57  8.66  0.56  0.30  0.09 319.1
 ATL 20020524  8.96  7.40  0.08  0.63  0.22 337.5
 ATL 20020525 10.00  8.42  0.07  0.67  0.22 308.5
 ATL 20020526 10.20  8.42  0.07  0.62  0.25 303.6
 ATL 20020527 10.27  8.33  0.05  0.59  0.29 302.0
 ATL 20020528 10.09  8.28  0.06  0.61  0.27 307.1
 ATL 20020529 10.14  8.36  0.06  0.63  0.25 306.2
 ATL 20020530  9.79  6.82  0.00  0.36  0.42 315.7
 ATL 20020531 10.88  8.58  0.03  0.54  0.34 289.6
 ATL 20020601 11.12  9.08  0.04  0.59  0.32 284.6
 ATL 20020602 10.32  8.95  0.15  0.60  0.25 302.6
 ATL 20020603 10.48  9.29  0.18  0.64  0.19 298.8
 ATL 20020604 10.62  8.59  0.10  0.50  0.33 295.8
 ATL 20020605 10.78  8.48  0.00  0.55  0.37 292.5
 ATL 20020606 10.56  5.72  0.00  0.10  0.41 297.6
 ATL 20020607 11.24  8.87  0.05  0.56  0.28 283.0
 ATL 20020608 11.74  8.20  0.00  0.37  0.41 272.7
 ATL 20020609 10.49  8.37  0.05  0.54  0.33 299.6
 ATL 20020611 10.09  8.87  0.25  0.56  0.17 310.1
 ATL 20020612 10.06  8.99  0.20  0.67  0.13 310.8
 ATL 20020613 10.06  8.17  0.16  0.50  0.24 311.0
 ATL 20020614  9.85  5.34  0.00  0.10  0.41 316.4
 ATL 20020615 10.07  9.35  0.50  0.41  0.09 310.6
 ATL 20020616 11.20  8.68  0.14  0.50  0.18 284.4
 ATL 20020617  9.69  7.73  0.14  0.47  0.28 320.7
 ATL 20020618  9.88  7.96  0.15  0.48  0.27 315.9
 ATL 20020619 11.13  8.34  0.03  0.45  0.37 286.1
 ATL 20020620 11.60  9.10  0.02  0.53  0.36 276.3
 ATL 20020621 10.09  7.34  0.10  0.36  0.33 310.3
 ATL 20020622  9.57  7.84  0.06  0.60  0.28 323.8
 ATL 20020623  9.41  4.84  0.00  0.01  0.47 328.3
 ATL 20020624 10.60  6.87  0.00  0.24  0.47 297.3
 ATL 20020625 10.83  7.66  0.00  0.37  0.43 292.2
 ATL 20020626 11.09  7.46  0.00  0.29  0.46 286.6
 ATL 20020627 11.27  8.07  0.00  0.40  0.41 282.6
 ATL 20020628 11.44  6.94  0.00  0.31  0.27 278.9
 ATL 20020629 11.22  8.03  0.04  0.36  0.40 283.5
 ATL 20020630 11.34  8.48  0.03  0.44  0.38 280.7
 ATL 20020701 10.56  8.38  0.02  0.56  0.34 297.6
 ATL 20020702 10.31  8.32  0.03  0.57  0.34 303.2
 ATL 20020703  9.77  7.70  0.02  0.55  0.34 317.1
 ATL 20020704  9.79  7.49  0.04  0.48  0.35 316.3
 ATL 20020705 10.64  8.98  0.02  0.66  0.32 294.9
 ATL 20020706 10.39  8.88  0.06  0.66  0.28 300.2
 ATL 20020707 10.17  7.34  0.00  0.41  0.41 305.7
 ATL 20020708 10.59  8.43  0.02  0.57  0.33 295.3
 ATL 20020709 10.57  8.22  0.01  0.53  0.36 295.7
 ATL 20020710 10.39  7.90  0.02  0.48  0.37 299.4
 ATL 20020711 10.57  6.82  0.01  0.23  0.46 295.0
 ATL 20020712 10.31  5.24  0.00  0.00  0.47 300.7
 ATL 20020713 10.04  5.31  0.00  0.00  0.52 307.2
 ATL 20020714 10.28  5.71  0.00  0.06  0.50 300.8
 ATL 20020715  9.87  7.29  0.00  0.46  0.38 310.9
 ATL 20020716  9.90  7.80  0.00  0.56  0.36 310.0
 ATL 20020717 10.28  8.49  0.03  0.61  0.33 299.4
 ATL 20020718  9.99  8.31  0.02  0.64  0.32 306.8
 ATL 20020719 10.04  8.08  0.01  0.59  0.34 305.0
 ATL 20020720  9.97  7.65  0.05  0.48  0.34 306.5
 ATL 20020721  9.83  8.08  0.05  0.61  0.29 309.6
 ATL 20020722  9.68  7.55  0.01  0.54  0.35 312.9
 ATL 20020723 10.36  8.21  0.02  0.55  0.35 295.1
 ATL 20020724 10.53  6.38  0.03  0.14  0.46 290.7
 ATL 20020725 10.64  6.62  0.02  0.18  0.46 287.6
 ATL 20020726 10.31  6.88  0.00  0.28  0.46 294.5
 ATL 20020727 10.77  8.64  0.00  0.57  0.38 283.6
 ATL 20020728 10.76  8.37  0.00  0.52  0.39 283.2
 ATL 20020729 10.16  7.99  0.00  0.55  0.37 296.4
 ATL 20020730 10.26  8.04  0.01  0.54  0.36 293.5
 ATL 20020731 10.02  6.53  0.03  0.24  0.43 298.1
 ATL 20020802  9.92  8.25  0.05  0.62  0.30 298.9
 ATL 20020803  9.90  8.53  0.09  0.68  0.22 298.5
 ATL 20020804  9.80  8.51  0.08  0.71  0.21 300.1
 ATL 20020805  9.59  8.26  0.07  0.69  0.24 305.0
 ATL 20020806  9.85  8.17  0.06  0.61  0.29 297.3
 ATL 20020807 10.04  8.84  0.29  0.53  0.15 292.0
 ATL 20020808  9.66  8.65  0.16  0.72  0.13 300.2
 ATL 20020809  9.49  8.08  0.10  0.65  0.22 303.8
 ATL 20020810  9.73  8.41  0.09  0.70  0.20 296.6
 ATL 20020811  9.16  7.98  0.08  0.73  0.19 310.9
 ATL 20020812  9.11  7.86  0.06  0.71  0.23 311.0
 ATL 20020813  9.26  7.37  0.02  0.57  0.33 305.2
 ATL 20020814  9.70  6.69  0.00  0.34  0.43 292.8
 ATL 20020815  9.64  6.86  0.01  0.38  0.41 293.0
 ATL 20020816 10.26  7.81  0.00  0.50  0.38 276.9
 ATL 20020817 10.00  7.02  0.00  0.37  0.42 282.0
 ATL 20020818  9.43  7.64  0.01  0.60  0.34 294.6
 ATL 20020819  9.43  7.64  0.03  0.59  0.32 293.4
 ATL 20020820  9.40  8.00  0.07  0.65  0.27 292.9
 ATL 20020821  9.33  7.86  0.06  0.66  0.25 292.9
 ATL 20020822  9.74  7.46  0.00  0.50  0.39 281.1
 ATL 20020823  9.30  7.44  0.00  0.58  0.36 290.9
 ATL 20020824  9.01  7.49  0.04  0.63  0.30 296.7
 ATL 20020825  9.28  6.08  0.03  0.26  0.41 288.2
 ATL 20020826  8.93  6.27  0.01  0.37  0.40 295.7
 ATL 20020827  8.71  6.07  0.02  0.35  0.40 300.0
 ATL 20020828  8.84  6.35  0.03  0.39  0.38 295.0
 ATL 20020829  8.65  6.07  0.02  0.36  0.40 298.5
 ATL 20020830  8.90  5.39  0.01  0.17  0.45 290.0
 ATL 20020831  9.09  5.17  0.00  0.16  0.39 282.8
 ATL 20020901  8.85  5.35  0.03  0.13  0.47 287.5
 ATL 20020902  8.45  6.37  0.02  0.47  0.37 296.4
 ATL 20020903  8.23  6.82  0.08  0.62  0.24 300.6
 ATL 20020904  8.61  7.17  0.07  0.62  0.27 288.1
 ATL 20020905  8.51  7.64  0.18  0.73  0.09 288.7
 ATL 20020906  8.23  6.75  0.09  0.61  0.22 294.8
 ATL 20020907  8.04  6.79  0.10  0.66  0.19 298.0
 ATL 20020908  8.20  7.12  0.16  0.68  0.12 291.3
 ATL 20020909  8.05  7.13  0.14  0.72  0.14 293.6
 ATL 20020910  8.20  7.50  0.27  0.69  0.04 286.8
 ATL 20020911  8.15  7.36  0.26  0.63  0.11 285.7
 ATL 20020912  7.93  6.60  0.13  0.61  0.18 289.9
 ATL 20020913  7.92  5.44  0.02  0.34  0.39 287.9
 ATL 20020914  8.16  4.61  0.00  0.11  0.45 278.0
 ATL 20020915  8.26  3.90  0.00  0.00  0.38 272.7
 ATL 20020916  8.24  5.88  0.02  0.40  0.37 271.2
 ATL 20020917  8.49  4.92  0.05  0.17  0.32 262.4
 ATL 20020918  8.32  4.13  0.02  0.02  0.38 264.6
 ATL 20020919  8.15  5.65  0.04  0.32  0.40 266.4
 ATL 20020920  8.00  5.74  0.00  0.41  0.40 268.0
 ATL 20020921  7.51  4.19  0.00  0.07  0.49 279.6
 ATL 20020922  7.33  3.76  0.03  0.15  0.22 282.7
 ATL 20020923  7.16  5.27  0.05  0.44  0.32 285.5
 ATL 20020924  7.44  4.84  0.02  0.30  0.36 273.3
 ATL 20020925  8.05  3.07  0.02  0.09  0.00 253.3
 ATL 20020926  8.30  3.63  0.00  0.06  0.21 244.4
 ATL 20020927  7.26  4.05  0.00  0.07  0.49 270.3
 ATL 20020928  6.88  5.20  0.07  0.48  0.28 279.9
 ATL 20020929  6.94  5.20  0.07  0.46  0.29 274.5
 ATL 20020930  7.11  4.39  0.04  0.17  0.43 266.7
 ATL 20021001  6.98  4.84  0.03  0.34  0.39 267.8
 ATL 20021002  7.15  5.58  0.27  0.31  0.25 259.4
 ATL 20021003  7.28  6.17  0.28  0.42  0.24 252.4
 ATL 20021004  7.57  6.19  0.26  0.38  0.26 242.1
 ATL 20021005  6.54  4.73  0.29  0.23  0.19 270.1
 ATL 20021006  6.49  5.00  0.17  0.38  0.29 268.5
 ATL 20021007  6.53  4.73  0.18  0.29  0.29 264.3
 ATL 20021008  6.36  4.39  0.08  0.34  0.30 266.7
 ATL 20021009  6.41  3.32  0.05  0.10  0.27 261.9
 ATL 20021010  6.55  3.25  0.07  0.11  0.17 254.1
 ATL 20021011  6.43  3.44  0.14  0.10  0.16 254.8
 ATL 20021012  6.01  4.04  0.23  0.21  0.19 266.7
 ATL 20021013  6.02  3.96  0.17  0.20  0.27 263.4
 ATL 20021014  5.90  3.01  0.08  0.10  0.20 264.5
 ATL 20021015  5.61  2.07  0.03  0.00  0.08 272.4
 ATL 20021016  5.02  3.71  0.21  0.33  0.22 295.3
 ATL 20021017  4.98  4.01  0.33  0.33  0.18 293.7
 ATL 20021018  5.23  4.81  0.56  0.32  0.10 278.0
 ATL 20021019  5.12  3.97  0.23  0.37  0.22 279.7
 ATL 20021020  4.96  2.32  0.00  0.12  0.20 284.0
 ATL 20021021  4.81  2.63  0.14  0.10  0.19 287.7
 ATL 20021022  4.76  3.02  0.15  0.22  0.22 286.9
 ATL 20021023  4.89  2.84  0.00  0.25  0.29 275.9
 ATL 20021024  4.77  2.25  0.01  0.10  0.22 278.4
 ATL 20021025  4.62  2.10  0.00  0.12  0.17 283.0
 ATL 20021026  4.77  2.62  0.09  0.15  0.21 271.2
 ATL 20021027  4.85  2.50  0.06  0.16  0.16 263.6
 ATL 20021028  4.72  2.18  0.11  0.04  0.12 266.4
 ATL 20021029  4.65  2.10  0.03  0.08  0.17 266.7
 ATL 20021030  4.38  3.14  0.19  0.31  0.23 277.0
 ATL 20021031  4.30  3.27  0.20  0.40  0.19 278.1
 ATL 20021101  3.99  3.14  0.33  0.30  0.18 292.9
 ATL 20021102  4.03  3.64  0.35  0.46  0.20 286.7
 ATL 20021103  4.22  2.67  0.13  0.23  0.23 272.0
 ATL 20021104  4.21  2.37  0.15  0.13  0.17 269.4
 ATL 20021105  4.36  1.67  0.00  0.00  0.16 257.8
 ATL 20021106  3.90  2.88  0.17  0.39  0.20 280.2
 ATL 20021107  3.51  3.20  0.66  0.23  0.04 302.6
 ATL 20021108  3.72  3.36  0.51  0.36  0.08 284.7
 ATL 20021109  3.88  2.80  0.11  0.38  0.27 271.7
 ATL 20021110  3.86  2.07  0.10  0.12  0.20 269.6
 ATL 20021111  3.85  1.47  0.00  0.00  0.16 267.5
 ATL 20021112  3.60  1.23  0.00  0.00  0.06 279.8
 ATL 20021113  2.85  2.72  0.79  0.18  0.00 339.8
 ATL 20021114  3.48  3.10  0.50  0.35  0.08 281.3
 ATL 20021115  3.38  1.92  0.00  0.25  0.26 285.4
 ATL 20021116  3.39  1.20  0.00  0.03  0.05 281.0
 ATL 20021117  2.93  2.17  0.28  0.30  0.15 315.3
 ATL 20021118  3.26  2.64  0.39  0.32  0.11 284.8
 ATL 20021119  3.28  2.28  0.08  0.39  0.24 280.3
 ATL 20021120  2.99  1.91  0.00  0.36  0.28 301.3
 ATL 20021121  2.96  1.33  0.03  0.06  0.19 301.1
 ATL 20021122  2.82  2.09  0.34  0.24  0.14 311.8
 ATL 20021123  3.24  2.87  0.53  0.29  0.11 272.8
 ATL 20021124  3.51  3.08  0.54  0.29  0.07 252.1
 ATL 20021125  3.38  2.84  0.41  0.35  0.11 258.1
 ATL 20021126  3.32  2.19  0.04  0.37  0.25 259.6
 ATL 20021127  3.39  1.97  0.05  0.23  0.24 252.6
 ATL 20021128  2.94  2.16  0.18  0.37  0.20 284.2
 ATL 20021129  2.49  2.27  0.71  0.18  0.03 326.3
 ATL 20021130  2.84  2.14  0.23  0.32  0.23 288.6
 ATL 20021201  2.65  2.51  0.69  0.25  0.05 304.9
 ATL 20021202  2.98  2.38  0.33  0.32  0.18 273.2
 ATL 20021203  2.78  1.92  0.03  0.41  0.29 288.7
 ATL 20021204  2.78  0.92  0.00  0.00  0.04 286.3
 ATL 20021205  2.82  1.12  0.02  0.03  0.12 281.0
 ATL 20021206  2.71  2.35  0.52  0.29  0.07 288.7
 ATL 20021207  2.63  2.47  0.56  0.38  0.06 294.3
 ATL 20021208  2.72  2.08  0.25  0.35  0.18 284.9
 ATL 20021209  2.72  1.96  0.08  0.43  0.25 284.9
 ATL 20021210  2.76  0.90  0.00  0.00  0.03 280.2
 ATL 20021211  2.64  1.47  0.01  0.27  0.19 290.6
 ATL 20021212  2.79  1.97  0.18  0.33  0.19 275.4
