 200101   1 ATL  2.03  1.05  0.10  0.11  0.17 371.7
 200101   2 ATL  2.28  1.70  0.17  0.41  0.19 335.9
 200101   3 ATL  2.44  2.23  0.49  0.41  0.07 317.8
 200101   4 ATL  2.36  2.10  0.67  0.16  0.06 329.4
 200101   5 ATL  2.35  1.93  0.43  0.26  0.16 334.1
 200101   6 ATL  2.58  2.24  0.52  0.27  0.11 308.8
 200101   7 ATL  2.55  1.73  0.10  0.31  0.28 314.0
 200101   8 ATL  2.50  1.69  0.12  0.33  0.21 321.1
 200101   9 ATL  2.23  1.83  0.50  0.23  0.08 359.7
 200101  10 ATL  2.75  2.59  0.55  0.41  0.04 298.9
 200101  11 ATL  2.70  1.68  0.17  0.20  0.18 305.7
 200101  12 ATL  3.04  1.63  0.16  0.11  0.12 277.8
 200101  13 ATL  3.00  2.40  0.27  0.39  0.18 284.1
 200101  14 ATL  2.76  1.54  0.00  0.23  0.26 308.8
 200101  15 ATL  2.99  1.74  0.13  0.20  0.15 290.8
 200101  16 ATL  2.94  1.67  0.00  0.24  0.28 298.0
 200101  17 ATL  2.87  0.91  0.00  0.00  0.00 307.3
 200101  18 ATL  3.15  1.18  0.00  0.05  0.07 285.5
 200101  19 ATL  3.37  1.29  0.00  0.00  0.16 271.8
 200101  21 ATL  3.19  2.78  0.43  0.38  0.11 290.4
 200101  22 ATL  2.72  1.92  0.32  0.20  0.14 338.8
 200101  23 ATL  3.03  2.86  0.63  0.33  0.03 311.4
 200101  24 ATL  2.65  1.75  0.13  0.27  0.24 354.5
 200101  25 ATL  2.86  2.74  0.84  0.13  0.00 335.7
 200101  26 ATL  2.97  2.51  0.42  0.35  0.10 328.1
 200101  27 ATL  3.20  2.71  0.39  0.33  0.18 310.6
 200101  28 ATL  3.67  2.72  0.27  0.27  0.21 279.1
 200101  29 ATL  3.79  2.10  0.00  0.19  0.31 273.8
 200101  30 ATL  3.51  2.95  0.44  0.31  0.12 296.5
 200101  31 ATL  3.46  2.17  0.00  0.31  0.32 303.2
 200102  32 ATL  3.47  2.39  0.06  0.38  0.27 306.9
 200102  33 ATL  3.51  2.93  0.45  0.29  0.11 308.3
 200102  34 ATL  3.57  3.36  0.61  0.33  0.05 307.3
 200102  35 ATL  3.62  3.03  0.36  0.37  0.15 308.0
 200102  36 ATL  3.34  2.63  0.34  0.31  0.15 334.8
 200102  37 ATL  3.46  2.80  0.39  0.31  0.12 328.8
 200102  38 ATL  3.95  3.50  0.41  0.40  0.15 296.7
 200102  39 ATL  4.39  3.87  0.39  0.40  0.17 274.1
 200102  40 ATL  4.37  2.73  0.12  0.23  0.23 278.5
 200102  41 ATL  4.16  3.36  0.33  0.35  0.16 294.1
 200102  42 ATL  4.54  3.41  0.11  0.43  0.27 276.6
 200102  43 ATL  4.48  1.59  0.00  0.02  0.07 284.1
 200102  44 ATL  5.01  1.92  0.00  0.06  0.08 261.7
 200102  45 ATL  4.87  2.57  0.00  0.16  0.29 271.6
 200102  46 ATL  5.03  2.60  0.01  0.16  0.25 267.8
 200102  47 ATL  5.51  2.97  0.01  0.19  0.26 250.6
 200102  48 ATL  4.88  4.57  0.63  0.30  0.05 281.9
 200102  49 ATL  4.32  4.20  0.78  0.22  0.00 316.9
 200102  50 ATL  4.33  3.54  0.26  0.42  0.20 319.9
 200102  51 ATL  5.13  3.03  0.12  0.17  0.23 280.2
 200102  52 ATL  5.16  2.71  0.00  0.14  0.31 282.6
 200102  53 ATL  5.06  2.30  0.12  0.00  0.14 291.3
 200102  54 ATL  5.17  4.68  0.52  0.34  0.10 290.2
 200102  55 ATL  5.83  3.12  0.00  0.18  0.28 265.6
 200102  56 ATL  6.04  2.76  0.10  0.00  0.18 261.0
 200102  57 ATL  5.96  4.75  0.33  0.31  0.19 266.9
 200102  58 ATL  5.73  4.35  0.24  0.33  0.22 279.5
 200102  59 ATL  5.29  3.17  0.27  0.13  0.06 302.5
 200103  60 ATL  5.30  4.08  0.33  0.27  0.18 305.9
 200103  61 ATL  5.92  2.30  0.06  0.00  0.08 282.0
 200103  62 ATL  6.25  2.37  0.00  0.01  0.14 272.4
 200103  63 ATL  7.06  3.71  0.03  0.17  0.22 249.1
 200103  64 ATL  5.74  5.60  0.89  0.10  0.00 299.9
 200103  65 ATL  5.20  4.77  0.73  0.15  0.05 330.6
 200103  66 ATL  4.99  4.55  0.58  0.28  0.10 346.5
 200103  67 ATL  6.01  4.77  0.25  0.39  0.20 298.8
 200103  68 ATL  5.21  4.15  0.46  0.22  0.10 341.7
 200103  69 ATL  5.30  5.06  0.66  0.32  0.02 341.0
 200103  70 ATL  6.04  4.74  0.15  0.48  0.22 308.4
 200103  71 ATL  6.94  2.47  0.01  0.00  0.08 277.0
 200103  72 ATL  7.05  6.26  0.42  0.39  0.15 276.3
 200103  73 ATL  6.36  4.82  0.11  0.45  0.26 304.7
 200103  74 ATL  5.69  3.58  0.12  0.26  0.20 338.8
 200103  75 ATL  6.15  5.16  0.35  0.38  0.16 320.3
 200103  76 ATL  6.86  4.87  0.10  0.38  0.26 295.2
 200103  77 ATL  6.35  4.70  0.14  0.42  0.21 318.3
 200103  78 ATL  6.49  3.57  0.00  0.27  0.19 315.8
 200103  79 ATL  6.15  2.32  0.09  0.00  0.00 333.7
 200103  80 ATL  5.70  3.19  0.30  0.00  0.10 359.6
 200103  81 ATL  6.15  5.60  0.59  0.26  0.11 340.6
 200103  82 ATL  6.37  5.85  0.56  0.33  0.08 333.7
 200103  83 ATL  6.46  3.97  0.14  0.18  0.24 332.3
 200103  84 ATL  6.64  5.36  0.39  0.30  0.13 327.9
 200103  85 ATL  6.36  5.70  0.51  0.35  0.08 343.2
 200103  86 ATL  6.38  5.67  0.47  0.37  0.10 345.4
 200103  87 ATL  6.82  5.04  0.24  0.33  0.17 329.0
 200103  88 ATL  6.45  2.17  0.00  0.00  0.05 347.6
 200103  89 ATL  6.93  3.96  0.02  0.24  0.25 330.2
 200103  90 ATL  6.77  3.44  0.03  0.12  0.25 339.9
 200104  91 ATL  5.98  5.47  0.45  0.41  0.14 381.0
 200104  92 ATL  7.06  5.77  0.27  0.43  0.17 333.2
 200104  93 ATL  8.56  4.68  0.12  0.08  0.25 285.7
 200104  94 ATL  9.50  4.83  0.06  0.00  0.37 264.1
 200104  95 ATL  8.90  6.00  0.08  0.27  0.36 280.5
 200104  96 ATL  9.03  6.34  0.06  0.34  0.36 278.9
 200104  97 ATL 10.62  8.18  0.11  0.52  0.19 245.5
 200104  98 ATL 10.07  7.00  0.08  0.44  0.17 258.8
 200104  99 ATL  9.65  8.49  0.17  0.69  0.12 269.9
 200104 100 ATL  8.92  6.86  0.07  0.48  0.31 290.2
 200104 101 ATL  9.26  7.16  0.09  0.55  0.19 283.2
 200104 102 ATL 10.29  6.20  0.00  0.19  0.43 260.9
 200104 103 ATL  9.90  5.59  0.02  0.08  0.46 270.8
 200104 104 ATL  9.06  8.30  0.34  0.61  0.04 293.1
 200104 105 ATL  7.93  3.99  0.05  0.03  0.33 329.3
 200104 106 ATL  6.87  6.36  0.45  0.52  0.01 374.2
 200104 107 ATL  6.24  5.47  0.35  0.51  0.07 408.7
 200104 108 ATL  6.65  6.34  0.72  0.26  0.00 389.2
 200104 109 ATL  6.58  5.96  0.34  0.60  0.03 394.8
 200104 110 ATL  7.39  6.60  0.29  0.60  0.08 359.4
 200104 111 ATL 10.62  8.13  0.08  0.47  0.30 267.1
 200104 112 ATL 11.64  9.85  0.13  0.65  0.16 248.3
 200104 113 ATL 10.60  8.16  0.05  0.54  0.26 269.7
 200104 114 ATL  8.95  4.37  0.00  0.00  0.42 312.0
 200104 115 ATL  7.93  6.82  0.37  0.40  0.15 346.3
 200104 116 ATL  8.16  7.58  0.38  0.60  0.02 339.8
 200104 117 ATL  7.41  6.62  0.30  0.59  0.08 369.8
 200104 118 ATL  7.96  6.89  0.23  0.58  0.14 349.4
 200104 119 ATL  8.49  7.12  0.15  0.62  0.15 332.6
 200104 120 ATL  8.94  7.08  0.06  0.53  0.31 319.6
 200105 121 ATL  8.18  6.42  0.09  0.50  0.29 345.9
 200105 122 ATL  7.89  6.77  0.23  0.56  0.15 357.6
 200105 123 ATL  9.30  8.37  0.24  0.65  0.11 312.6
 200105 124 ATL  8.67  7.82  0.27  0.64  0.08 332.4
 200105 125 ATL  8.70  7.87  0.28  0.64  0.07 332.4
 200105 126 ATL  8.68  7.01  0.17  0.48  0.24 334.0
 200105 127 ATL  9.98  5.66  0.00  0.15  0.40 298.0
 200105 128 ATL  9.81  5.24  0.00  0.17  0.29 303.0
 200105 129 ATL  9.17  5.65  0.01  0.18  0.46 321.6
 200105 130 ATL  9.10  6.74  0.02  0.44  0.38 324.6
 200105 131 ATL  9.10  6.88  0.02  0.48  0.36 325.5
 200105 132 ATL  8.84  6.68  0.05  0.46  0.34 334.4
 200105 133 ATL  8.27  7.80  0.53  0.45  0.02 354.0
 200105 134 ATL  8.70  7.95  0.29  0.65  0.06 340.2
 200105 135 ATL  9.30  8.26  0.22  0.61  0.17 322.6
 200105 136 ATL  9.62  8.59  0.21  0.65  0.14 314.6
 200105 137 ATL  9.62  8.59  0.21  0.65  0.14 314.6
 200105 138 ATL  9.80  8.98  0.42  0.46  0.12 310.3
 200105 139 ATL  9.74  6.81  0.03  0.35  0.39 312.6
 200105 140 ATL  9.30  6.94  0.05  0.45  0.33 325.0
 200105 141 ATL  9.61  6.62  0.00  0.34  0.43 317.4
 200105 142 ATL 10.49  5.83  0.00  0.08  0.47 295.1
 200105 143 ATL  9.69  8.52  0.31  0.49  0.17 315.9
 200105 144 ATL  9.05  5.51  0.00  0.18  0.46 334.8
 200105 145 ATL  8.44  5.47  0.08  0.19  0.41 355.6
 200105 146 ATL  9.07  8.08  0.21  0.64  0.15 334.8
 200105 147 ATL  9.11  7.39  0.16  0.47  0.28 334.1
 200105 148 ATL  9.44  5.16  0.01  0.11  0.39 324.3
 200105 149 ATL  9.37  8.17  0.15  0.67  0.16 327.0
 200105 150 ATL 10.64  8.26  0.15  0.47  0.21 294.6
 200105 151 ATL 10.37  6.16  0.01  0.22  0.35 301.1
 200106 152 ATL  9.79  4.98  0.00  0.00  0.47 316.3
 200106 153 ATL  9.27  7.12  0.14  0.39  0.32 331.1
 200106 154 ATL  9.77  8.22  0.07  0.64  0.26 317.0
 200106 155 ATL 10.68  8.79  0.12  0.55  0.26 294.6
 200106 156 ATL 10.92  8.88  0.00  0.61  0.35 289.6
 200106 157 ATL 10.94  8.83  0.00  0.60  0.35 289.3
 200106 158 ATL 11.29  6.92  0.00  0.25  0.37 281.9
 200106 159 ATL 11.54  7.71  0.02  0.28  0.43 276.7
 200106 160 ATL 11.55  8.22  0.03  0.40  0.35 276.5
 200106 161 ATL 11.36  8.06  0.05  0.38  0.34 280.8
 200106 162 ATL 11.31  8.78  0.07  0.50  0.30 281.8
 200106 163 ATL 11.23  5.75  0.00  0.07  0.38 283.7
 200106 164 ATL 11.30  6.99  0.00  0.26  0.37 282.1
 200106 165 ATL 11.32  9.15  0.01  0.59  0.35 281.9
 200106 166 ATL 11.45  9.43  0.01  0.63  0.33 279.0
 200106 167 ATL 10.79  9.53  0.12  0.71  0.18 293.3
 200106 168 ATL 10.78 10.11  0.49  0.48  0.03 293.6
 200106 169 ATL 10.47  9.53  0.34  0.55  0.11 300.4
 200106 170 ATL 10.34  8.60  0.07  0.63  0.25 303.7
 200106 171 ATL 10.41  7.73  0.00  0.46  0.39 302.0
 200106 172 ATL 10.14  8.06  0.01  0.56  0.36 308.9
 200106 173 ATL  9.63  6.33  0.00  0.27  0.45 322.1
 200106 174 ATL 10.74  8.33  0.01  0.54  0.34 294.3
 200106 175 ATL 10.38  9.04  0.21  0.60  0.16 302.6
 200106 176 ATL  9.66  7.92  0.15  0.51  0.26 321.1
 200106 177 ATL  9.56  7.18  0.00  0.46  0.41 323.7
 200106 178 ATL  9.89  7.21  0.00  0.43  0.40 315.0
 200106 179 ATL  9.69  7.11  0.00  0.43  0.41 320.1
 200106 180 ATL  9.98  6.56  0.00  0.27  0.45 312.5
 200106 181 ATL 10.29  6.75  0.00  0.26  0.46 304.2
 200107 182 ATL 10.54  7.27  0.00  0.34  0.43 297.9
 200107 183 ATL 11.22  8.59  0.02  0.49  0.37 282.9
 200107 184 ATL 11.81  8.82  0.00  0.46  0.40 270.8
 200107 185 ATL 11.08  7.75  0.01  0.36  0.41 285.6
 200107 186 ATL 11.01  8.83  0.07  0.58  0.25 286.9
 200107 187 ATL 10.69  9.49  0.16  0.70  0.14 293.7
 200107 188 ATL 11.02  9.70  0.13  0.73  0.13 286.3
 200107 189 ATL 10.32  8.01  0.06  0.49  0.33 301.7
 200107 190 ATL 10.69  9.16  0.06  0.68  0.26 293.1
 200107 191 ATL 11.38  9.05  0.04  0.54  0.34 277.8
 200107 192 ATL 11.65  9.35  0.01  0.58  0.35 272.2
 200107 193 ATL 11.37  9.88  0.08  0.69  0.24 277.3
 200107 194 ATL 11.25  8.44  0.07  0.42  0.35 279.5
 200107 195 ATL 11.13  9.88  0.16  0.70  0.14 281.7
 200107 196 ATL 10.41  9.05  0.13  0.69  0.16 297.4
 200107 197 ATL 10.23  9.00  0.11  0.73  0.16 301.0
 200107 198 ATL 10.07  8.75  0.09  0.70  0.21 304.9
 200107 199 ATL 10.83  9.35  0.07  0.70  0.23 286.9
 200107 200 ATL 11.04  8.66  0.04  0.52  0.34 281.8
 200107 201 ATL 11.37  7.66  0.06  0.27  0.39 274.3
 200107 202 ATL 11.04  7.90  0.01  0.38  0.42 281.0
 200107 203 ATL 11.04  8.84  0.01  0.57  0.36 280.3
 200107 204 ATL 11.19  9.49  0.07  0.66  0.25 276.5
 200107 206 ATL 10.29  6.61  0.00  0.23  0.47 295.4
 200107 207 ATL 10.51  7.40  0.01  0.36  0.42 290.0
 200107 208 ATL 10.93  7.48  0.03  0.31  0.41 279.9
 200107 209 ATL 11.00  8.36  0.02  0.48  0.37 277.7
 200107 210 ATL 10.84  6.85  0.02  0.21  0.44 280.9
 200107 211 ATL 10.83  7.61  0.03  0.35  0.40 280.5
 200107 212 ATL 11.30  8.93  0.05  0.54  0.31 270.0
 200108 213 ATL 10.59  8.19  0.03  0.50  0.36 284.3
 200108 214 ATL 10.52  9.06  0.11  0.67  0.20 285.0
 200108 215 ATL 10.41  8.79  0.10  0.64  0.22 286.8
 200108 216 ATL 10.27  5.52  0.01  0.08  0.41 289.1
 200108 217 ATL 10.24  6.84  0.02  0.28  0.43 289.1
 200108 218 ATL 10.20  6.86  0.00  0.31  0.43 289.1
 200108 219 ATL 10.16  7.37  0.02  0.40  0.40 289.1
 200108 220 ATL 10.13  6.85  0.03  0.29  0.42 289.1
 200108 221 ATL 10.29  6.83  0.03  0.26  0.43 284.4
 200108 222 ATL  9.92  6.33  0.03  0.21  0.44 292.0
 200108 223 ATL 10.18  6.00  0.05  0.25  0.23 284.6
 200108 224 ATL 10.50  5.85  0.03  0.19  0.27 275.9
 200108 225 ATL 10.77  5.92  0.00  0.12  0.40 269.4
 200108 226 ATL  9.97  7.34  0.07  0.41  0.33 286.2
 200108 227 ATL  9.91  8.13  0.11  0.60  0.20 286.6
 200108 228 ATL 10.53  8.42  0.06  0.58  0.26 271.1
 200108 229 ATL  9.92  7.63  0.01  0.53  0.34 283.9
 200108 230 ATL  9.72  6.85  0.01  0.39  0.38 287.5
 200108 231 ATL  9.42  6.72  0.01  0.42  0.36 293.8
 200108 232 ATL  9.76  7.84  0.08  0.59  0.22 283.7
 200108 233 ATL  9.71  9.11  0.59  0.35  0.05 283.5
 200108 234 ATL  9.66  8.79  0.26  0.65  0.10 283.3
 200108 235 ATL  9.09  7.66  0.06  0.64  0.28 296.0
 200108 236 ATL  9.05  7.58  0.07  0.62  0.28 295.6
 200108 237 ATL  8.99  7.28  0.06  0.57  0.30 295.6
 200108 238 ATL  9.15  7.26  0.04  0.55  0.32 289.9
 200108 239 ATL  9.04  7.29  0.04  0.58  0.31 291.2
 200108 240 ATL  8.95  6.49  0.02  0.42  0.37 292.0
 200108 241 ATL  9.18  6.63  0.04  0.40  0.36 284.5
 200108 242 ATL  9.89  6.41  0.06  0.22  0.40 265.6
 200108 243 ATL  9.86  5.31  0.03  0.15  0.28 264.4
 200109 244 ATL 10.37  4.95  0.02  0.05  0.29 251.6
 200109 245 ATL 10.82  5.26  0.04  0.12  0.18 241.6
 200109 246 ATL 11.35  5.64  0.02  0.12  0.24 230.4
 200109 247 ATL 10.25  6.65  0.04  0.23  0.42 248.7
 200109 248 ATL 10.50  7.65  0.04  0.41  0.36 242.5
 200109 249 ATL  9.38  7.08  0.03  0.48  0.34 264.3
 200109 250 ATL  8.82  6.75  0.04  0.51  0.31 275.9
 200109 251 ATL  8.36  6.38  0.03  0.51  0.32 286.8
 200109 252 ATL  8.70  6.93  0.07  0.55  0.28 274.7
 200109 253 ATL  8.95  6.32  0.03  0.39  0.35 266.5
 200109 254 ATL  8.95  6.51  0.08  0.39  0.32 264.5
 200109 255 ATL  8.10  6.27  0.05  0.52  0.30 284.9
 200109 256 ATL  8.01  6.65  0.11  0.61  0.21 285.1
 200109 257 ATL  8.26  7.33  0.17  0.71  0.11 275.2
 200109 258 ATL  8.22  6.88  0.31  0.41  0.18 273.9
 200109 259 ATL  8.04  6.45  0.10  0.56  0.23 276.7
 200109 260 ATL  7.66  6.72  0.26  0.60  0.09 285.8
 200109 261 ATL  7.57  6.34  0.12  0.61  0.21 286.0
 200109 263 ATL  7.58  5.75  0.10  0.47  0.25 280.1
 200109 264 ATL  7.72  6.77  0.18  0.68  0.11 273.0
 200109 265 ATL  7.37  5.96  0.11  0.58  0.20 281.2
 200109 266 ATL  7.44  5.69  0.06  0.50  0.29 276.0
 200109 267 ATL  7.22  3.46  0.00  0.00  0.40 280.5
 200109 268 ATL  7.22  6.17  0.52  0.23  0.13 277.2
 200109 269 ATL  8.28  7.67  0.63  0.29  0.04 244.9
 200109 270 ATL  6.97  6.22  0.30  0.61  0.05 279.9
 200109 271 ATL  6.86  5.91  0.27  0.57  0.08 280.7
 200109 272 ATL  6.20  5.26  0.19  0.62  0.11 302.2
 200110 274 ATL  6.09  5.73  0.70  0.26  0.00 299.9
 200110 275 ATL  6.15  5.72  0.54  0.35  0.11 294.4
 200110 276 ATL  6.03  5.43  0.36  0.47  0.17 296.1
 200110 277 ATL  5.90  5.00  0.22  0.49  0.24 297.7
 200110 278 ATL  5.92  3.99  0.04  0.33  0.34 293.9
 200110 279 ATL  6.05  4.07  0.16  0.28  0.21 285.3
 200110 280 ATL  6.13  5.87  0.67  0.31  0.02 278.2
 200110 281 ATL  6.50  6.08  0.59  0.34  0.06 262.3
 200110 282 ATL  5.94  4.75  0.17  0.48  0.22 279.0
 200110 283 ATL  5.90  4.48  0.09  0.47  0.27 277.3
 200110 284 ATL  6.01  3.90  0.00  0.34  0.33 270.0
 200110 285 ATL  5.98  2.95  0.16  0.05  0.10 268.0
 200110 286 ATL  6.20  3.13  0.12  0.10  0.12 256.8
 200110 287 ATL  6.25  3.15  0.12  0.05  0.19 251.6
 200110 288 ATL  5.78  5.42  0.59  0.33  0.08 265.8
 200110 289 ATL  5.23  3.79  0.17  0.35  0.22 285.4
 200110 290 ATL  5.01  4.77  0.75  0.21  0.02 292.1
 200110 291 ATL  5.17  4.69  0.58  0.30  0.06 280.4
 200110 292 ATL  5.15  4.36  0.28  0.44  0.21 278.2
 200110 293 ATL  4.94  4.23  0.34  0.40  0.19 284.7
 200110 294 ATL  5.16  4.03  0.08  0.51  0.28 270.8
 200110 295 ATL  4.98  3.82  0.10  0.47  0.27 275.4
 200110 296 ATL  4.82  3.68  0.13  0.42  0.28 279.4
 200110 297 ATL  5.12  3.60  0.10  0.34  0.30 262.7
 200110 298 ATL  5.08  4.88  0.73  0.24  0.03 260.7
 200110 299 ATL  4.40  4.29  0.82  0.18  0.00 291.0
 200110 300 ATL  4.02  3.60  0.62  0.25  0.04 310.1
 200110 301 ATL  4.46  4.31  0.80  0.19  0.00 279.3
 200110 302 ATL  4.57  4.33  0.68  0.29  0.01 270.3
 200110 303 ATL  4.35  4.12  0.62  0.33  0.05 278.6
 200110 304 ATL  4.15  3.63  0.47  0.33  0.12 286.6
 200111 305 ATL  4.31  3.07  0.08  0.40  0.27 273.6
 200111 306 ATL  4.54  3.35  0.06  0.46  0.28 259.2
 200111 307 ATL  4.31  2.48  0.06  0.23  0.21 267.4
 200111 308 ATL  3.87  3.48  0.57  0.28  0.09 289.6
 200111 309 ATL  3.63  3.41  0.70  0.23  0.04 301.3
 200111 310 ATL  3.81  3.69  0.82  0.17  0.00 286.0
 200111 311 ATL  4.00  3.77  0.59  0.35  0.06 270.0
 200111 312 ATL  3.68  3.14  0.31  0.42  0.20 287.0
 200111 313 ATL  3.37  2.97  0.55  0.27  0.09 306.5
 200111 314 ATL  3.42  3.19  0.60  0.32  0.06 299.1
 200111 315 ATL  3.40  2.72  0.31  0.35  0.17 297.0
 200111 316 ATL  3.38  2.95  0.59  0.24  0.05 295.5
 200111 317 ATL  3.38  2.72  0.31  0.38  0.14 292.0
 200111 318 ATL  3.37  2.59  0.27  0.34  0.18 289.8
 200111 319 ATL  3.48  3.08  0.58  0.25  0.08 278.1
 200111 320 ATL  3.33  3.21  0.75  0.24  0.01 285.9
 200111 321 ATL  3.37  2.99  0.56  0.26  0.10 278.8
 200111 322 ATL  3.28  2.55  0.21  0.41  0.20 282.9
 200111 323 ATL  3.02  2.22  0.13  0.40  0.24 300.9
 200111 324 ATL  2.83  2.14  0.38  0.23  0.12 316.1
 200111 325 ATL  2.89  2.60  0.64  0.23  0.05 307.9
 200111 326 ATL  3.23  2.43  0.12  0.43  0.26 275.9
 200111 327 ATL  3.13  1.75  0.08  0.20  0.18 280.9
 200111 328 ATL  3.28  1.53  0.00  0.07  0.27 267.2
 200111 329 ATL  3.36  2.19  0.24  0.19  0.15 259.3
 200111 330 ATL  3.20  2.10  0.00  0.36  0.32 268.1
 200111 331 ATL  3.28  1.87  0.03  0.22  0.26 259.5
 200111 332 ATL  3.32  2.31  0.00  0.42  0.33 255.0
 200111 333 ATL  3.52  1.80  0.00  0.16  0.25 241.3
 200111 334 ATL  3.35  2.16  0.17  0.24  0.18 249.5
 200112 335 ATL  3.46  3.01  0.40  0.38  0.15 241.4
 200112 336 ATL  3.42  2.69  0.23  0.39  0.22 242.6
 200112 337 ATL  3.36  2.97  0.56  0.27  0.08 244.7
 200112 338 ATL  3.46  3.13  0.55  0.31  0.09 237.2
 200112 339 ATL  3.34  2.61  0.19  0.41  0.24 242.3
 200112 340 ATL  3.22  1.99  0.09  0.27  0.21 248.3
 200112 341 ATL  2.74  1.38  0.04  0.13  0.21 284.5
 200112 342 ATL  2.73  1.27  0.00  0.13  0.18 284.1
 200112 343 ATL  2.96  1.53  0.08  0.12  0.19 264.0
 200112 344 ATL  3.08  1.04  0.00  0.00  0.05 253.9
 200112 345 ATL  3.22  2.00  0.02  0.36  0.20 243.7
 200112 346 ATL  3.37  1.68  0.00  0.15  0.23 233.7
 200112 347 ATL  2.88  1.20  0.00  0.04  0.19 266.8
 200112 348 ATL  2.94  1.42  0.00  0.10  0.27 261.9
 200112 349 ATL  3.20  2.65  0.39  0.35  0.11 242.2
 200112 350 ATL  3.42  2.19  0.00  0.35  0.30 228.2
 200112 351 ATL  2.96  1.44  0.00  0.12  0.25 257.9
 200112 352 ATL  2.77  2.31  0.51  0.23  0.10 272.8
 200112 353 ATL  2.81  2.19  0.22  0.39  0.22 270.0
 200112 354 ATL  2.64  2.55  0.77  0.21  0.02 285.9
 200112 355 ATL  2.71  2.63  0.80  0.19  0.01 279.0
 200112 356 ATL  2.80  2.47  0.40  0.40  0.15 271.2
 200112 357 ATL  2.74  0.96  0.02  0.00  0.05 276.8
 200112 358 ATL  2.56  2.35  0.53  0.36  0.09 294.5
 200112 359 ATL  2.84  1.86  0.07  0.33  0.24 268.6
 200112 360 ATL  2.42  2.07  0.43  0.36  0.10 310.3
 200112 361 ATL  2.49  1.93  0.45  0.19  0.11 302.2
 200112 362 ATL  2.45  1.45  0.21  0.09  0.20 306.9
 200112 363 ATL  2.46  1.18  0.00  0.14  0.20 306.8
 200112 364 ATL  2.52  1.89  0.20  0.36  0.22 299.5
 200112 365 ATL  2.57  1.38  0.09  0.17  0.15 295.4
