 200101   1 BDL  1.04  0.81  0.24  0.33  0.26 390.3
 200101   2 BDL  1.07  0.96  0.37  0.46  0.17 384.8
 200101   3 BDL  1.09  0.92  0.28  0.46  0.18 381.8
 200101   4 BDL  1.08  0.69  0.04  0.23  0.39 389.1
 200101   5 BDL  1.19  0.62  0.04  0.18  0.18 356.6
 200101   6 BDL  1.10  0.67  0.08  0.16  0.36 387.3
 200101   7 BDL  1.29  0.92  0.14  0.32  0.29 335.6
 200101   8 BDL  1.16  0.59  0.00  0.15  0.25 373.6
 200101   9 BDL  1.16  0.71  0.06  0.21  0.31 376.5
 200101  10 BDL  1.18  1.03  0.34  0.42  0.20 373.9
 200101  11 BDL  1.28  1.04  0.26  0.38  0.24 348.4
 200101  12 BDL  1.37  1.31  0.59  0.41  0.00 331.0
 200101  13 BDL  1.36  1.15  0.33  0.42  0.15 337.9
 200101  14 BDL  1.33  0.92  0.11  0.37  0.20 350.0
 200101  15 BDL  1.44  0.54  0.00  0.00  0.14 329.4
 200101  16 BDL  1.41  0.73  0.05  0.05  0.33 340.0
 200101  17 BDL  1.29  0.84  0.02  0.30  0.37 376.8
 200101  18 BDL  1.41  0.90  0.00  0.35  0.29 349.6
 200101  19 BDL  1.52  0.51  0.00  0.00  0.05 330.9
 200101  21 BDL  1.57  1.25  0.26  0.34  0.26 328.6
 200101  22 BDL  1.55  1.35  0.30  0.45  0.22 337.3
 200101  23 BDL  1.46  1.32  0.38  0.47  0.14 363.9
 200101  24 BDL  1.72  1.39  0.32  0.39  0.12 316.7
 200101  25 BDL  1.50  0.99  0.13  0.22  0.31 366.8
 200101  26 BDL  1.47  1.41  0.66  0.34  0.00 381.5
 200101  27 BDL  1.46  0.59  0.07  0.02  0.07 389.0
 200101  28 BDL  1.42  1.28  0.38  0.42  0.21 408.1
 200101  29 BDL  1.65  1.51  0.42  0.46  0.12 358.2
 200101  30 BDL  1.80  0.70  0.00  0.06  0.09 334.8
 200101  31 BDL  1.93  0.89  0.00  0.02  0.33 318.8
 200102  32 BDL  1.78  1.26  0.18  0.28  0.26 350.0
 200102  33 BDL  1.71  0.82  0.00  0.09  0.27 369.7
 200102  34 BDL  1.61  1.39  0.26  0.44  0.29 400.2
 200102  35 BDL  1.76  1.18  0.23  0.24  0.15 374.7
 200102  36 BDL  1.86  0.60  0.00  0.00  0.02 360.9
 200102  37 BDL  1.66  1.04  0.06  0.23  0.33 411.2
 200102  38 BDL  1.74  1.40  0.23  0.37  0.29 398.4
 200102  39 BDL  1.97  1.17  0.12  0.21  0.18 360.8
 200102  40 BDL  2.27  1.04  0.04  0.09  0.15 321.6
 200102  41 BDL  2.31  2.09  0.41  0.41  0.18 322.3
 200102  42 BDL  2.05  1.87  0.51  0.30  0.19 367.0
 200102  43 BDL  2.10  1.88  0.32  0.51  0.17 366.3
 200102  44 BDL  2.31  1.70  0.16  0.37  0.24 342.0
 200102  45 BDL  2.19  1.03  0.06  0.14  0.08 365.5
 200102  46 BDL  2.19  1.42  0.10  0.27  0.26 371.5
 200102  47 BDL  2.49  1.16  0.00  0.15  0.15 337.3
 200102  48 BDL  2.52  2.05  0.19  0.40  0.33 338.9
 200102  49 BDL  2.08  1.90  0.43  0.43  0.14 411.7
 200102  50 BDL  2.09  1.77  0.29  0.44  0.19 417.1
 200102  51 BDL  2.55  1.20  0.02  0.14  0.14 352.1
 200102  52 BDL  2.39  2.13  0.37  0.41  0.22 382.2
 200102  53 BDL  2.46  1.92  0.22  0.43  0.17 379.1
 200102  54 BDL  2.39  1.76  0.15  0.33  0.31 396.6
 200102  55 BDL  2.89  2.47  0.38  0.43  0.08 339.1
 200102  56 BDL  3.13  1.42  0.10  0.12  0.00 321.8
 200102  57 BDL  3.42  2.88  0.29  0.37  0.28 302.6
 200102  58 BDL  2.91  2.18  0.19  0.35  0.25 355.0
 200102  59 BDL  2.60  2.24  0.26  0.44  0.28 399.5
 200103  60 BDL  2.40  1.46  0.01  0.20  0.42 438.7
 200103  61 BDL  2.61  1.41  0.00  0.15  0.34 412.5
 200103  62 BDL  2.80  1.83  0.05  0.32  0.29 392.8
 200103  63 BDL  4.07  2.14  0.00  0.19  0.24 287.3
 200103  64 BDL  3.85  1.29  0.00  0.01  0.03 306.4
 200103  65 BDL  3.21  1.20  0.08  0.00  0.01 366.0
 200103  66 BDL  3.03  2.39  0.34  0.34  0.11 391.3
 200103  67 BDL  3.58  3.12  0.32  0.47  0.16 342.6
 200103  68 BDL  3.22  1.23  0.00  0.03  0.12 382.2
 200103  69 BDL  3.03  2.47  0.34  0.29  0.25 410.5
 200103  70 BDL  3.20  2.10  0.11  0.28  0.25 396.1
 200103  71 BDL  3.59  3.33  0.63  0.32  0.00 363.7
 200103  72 BDL  3.79  1.64  0.00  0.04  0.23 351.6
 200103  73 BDL  3.57  2.22  0.12  0.16  0.32 376.2
 200103  74 BDL  3.27  2.58  0.24  0.39  0.21 413.9
 200103  75 BDL  3.98  2.72  0.10  0.31  0.29 352.2
 200103  76 BDL  3.73  2.10  0.02  0.19  0.30 377.9
 200103  77 BDL  3.47  2.52  0.21  0.23  0.33 409.8
 200103  78 BDL  3.45  2.81  0.31  0.31  0.27 417.8
 200103  79 BDL  4.01  3.40  0.50  0.33  0.01 370.4
 200103  80 BDL  3.83  1.56  0.00  0.10  0.08 391.3
 200103  81 BDL  3.86  1.30  0.00  0.00  0.05 393.5
 200103  82 BDL  4.07  1.99  0.11  0.05  0.17 380.0
 200103  83 BDL  3.71  2.65  0.11  0.32  0.34 418.5
 200103  84 BDL  3.99  3.27  0.13  0.45  0.38 397.2
 200103  85 BDL  3.71  1.80  0.00  0.13  0.23 429.1
 200103  86 BDL  3.70  3.23  0.32  0.39  0.28 436.0
 200103  87 BDL  3.57  2.71  0.26  0.29  0.24 455.2
 200103  88 BDL  3.80  2.31  0.03  0.30  0.24 435.8
 200103  89 BDL  5.00  1.58  0.00  0.00  0.00 346.9
 200103  90 BDL  5.12  2.60  0.01  0.10  0.31 344.0
 200104  91 BDL  4.47  1.90  0.00  0.06  0.18 391.1
 200104  92 BDL  4.54  2.32  0.00  0.03  0.43 389.8
 200104  93 BDL  4.62  3.23  0.08  0.25  0.45 388.3
 200104  94 BDL  4.68  3.71  0.23  0.32  0.33 388.0
 200104  95 BDL  4.74  4.26  0.30  0.55  0.15 387.9
 200104  96 BDL  4.69  1.59  0.00  0.02  0.03 395.4
 200104  97 BDL  5.53  3.77  0.14  0.39  0.11 346.4
 200104  98 BDL  6.32  3.66  0.00  0.22  0.33 312.4
 200104  99 BDL  5.85  4.46  0.13  0.50  0.17 337.2
 200104 100 BDL  5.58  4.39  0.29  0.39  0.12 354.2
 200104 101 BDL  6.41  3.63  0.18  0.18  0.06 317.9
 200104 102 BDL  7.15  2.52  0.00  0.00  0.09 292.4
 200104 103 BDL  6.10  4.23  0.00  0.31  0.48 337.2
 200104 104 BDL  4.77  4.44  0.44  0.49  0.08 420.1
 200104 105 BDL  4.35  3.74  0.22  0.56  0.17 459.3
 200104 106 BDL  4.44  2.92  0.16  0.21  0.27 455.0
 200104 107 BDL  4.34  1.75  0.04  0.00  0.15 468.8
 200104 108 BDL  4.55  3.27  0.20  0.30  0.23 452.5
 200104 109 BDL  4.44  3.83  0.16  0.55  0.29 466.4
 200104 110 BDL  4.89  4.22  0.24  0.50  0.23 431.9
 200104 111 BDL  5.51  3.73  0.02  0.35  0.35 392.3
 200104 112 BDL  6.38  5.28  0.07  0.63  0.24 348.4
 200104 113 BDL  6.66  4.89  0.12  0.42  0.23 338.5
 200104 114 BDL  7.05  5.53  0.09  0.52  0.26 324.1
 200104 115 BDL  6.28  5.57  0.32  0.54  0.10 360.1
 200104 116 BDL  6.39  5.80  0.33  0.55  0.12 357.0
 200104 117 BDL  6.64  5.67  0.17  0.51  0.31 347.6
 200104 118 BDL  5.41  4.85  0.34  0.47  0.19 417.4
 200104 119 BDL  5.75  5.26  0.37  0.56  0.06 398.0
 200104 120 BDL  5.93  4.18  0.20  0.34  0.14 390.5
 200105 121 BDL  6.05  5.49  0.28  0.63  0.09 386.0
 200105 122 BDL  6.71  6.06  0.27  0.62  0.11 354.9
 200105 123 BDL  7.73  7.11  0.30  0.65  0.06 316.8
 200105 124 BDL  7.35  6.08  0.14  0.57  0.21 332.0
 200105 125 BDL  6.98  4.72  0.04  0.34  0.33 348.0
 200105 126 BDL  7.11  6.28  0.32  0.52  0.12 344.6
 200105 127 BDL  7.59  7.18  0.46  0.55  0.00 327.5
 200105 128 BDL  6.83  6.44  0.49  0.51  0.00 360.1
 200105 129 BDL  7.19  6.37  0.23  0.60  0.16 345.9
 200105 130 BDL  6.93  6.13  0.24  0.58  0.17 358.6
 200105 131 BDL  7.07  6.41  0.26  0.66  0.08 354.5
 200105 132 BDL  6.73  5.06  0.16  0.43  0.19 370.8
 200105 133 BDL  6.31  5.48  0.20  0.53  0.27 393.3
 200105 134 BDL  6.19  5.29  0.22  0.43  0.34 400.3
 200105 135 BDL  5.86  4.20  0.10  0.39  0.26 422.7
 200105 136 BDL  6.60  5.65  0.18  0.61  0.16 383.5
 200105 137 BDL  6.60  5.65  0.18  0.61  0.16 383.5
 200105 138 BDL  7.33  5.26  0.03  0.43  0.32 351.7
 200105 139 BDL  7.81  6.28  0.06  0.58  0.27 334.9
 200105 140 BDL  7.82  5.52  0.04  0.47  0.22 335.5
 200105 141 BDL  7.98  4.66  0.12  0.26  0.09 331.1
 200105 142 BDL  8.03  2.79  0.00  0.02  0.05 330.0
 200105 143 BDL  8.24  3.29  0.08  0.05  0.00 323.3
 200105 144 BDL  8.58  3.78  0.11  0.05  0.05 313.6
 200105 145 BDL  8.13  4.94  0.08  0.26  0.21 328.4
 200105 146 BDL  7.41  2.94  0.03  0.07  0.05 356.1
 200105 147 BDL  7.78  4.05  0.00  0.12  0.33 342.6
 200105 148 BDL  7.76  5.34  0.00  0.31  0.47 344.1
 200105 149 BDL  7.45  5.89  0.06  0.48  0.38 356.8
 200105 150 BDL  6.33  5.11  0.01  0.46  0.53 410.7
 200105 151 BDL  6.69  5.46  0.07  0.47  0.44 392.5
 200106 152 BDL  7.12  6.54  0.31  0.65  0.04 372.6
 200106 153 BDL  7.73  3.15  0.00  0.03  0.18 347.8
 200106 154 BDL  7.93  4.34  0.03  0.18  0.26 341.2
 200106 155 BDL  8.02  5.98  0.05  0.35  0.47 338.6
 200106 156 BDL  7.93  6.70  0.05  0.62  0.33 342.3
 200106 157 BDL  7.67  6.58  0.10  0.62  0.28 352.2
 200106 158 BDL  7.68  6.71  0.16  0.62  0.22 352.3
 200106 159 BDL  7.66  6.68  0.14  0.64  0.22 353.2
 200106 160 BDL  7.68  6.75  0.20  0.61  0.18 353.2
 200106 161 BDL  7.10  6.10  0.19  0.51  0.29 377.6
 200106 162 BDL  7.37  4.27  0.02  0.24  0.27 366.1
 200106 163 BDL  7.76  6.49  0.11  0.62  0.21 350.6
 200106 164 BDL  9.07  7.66  0.11  0.67  0.16 308.0
 200106 165 BDL 10.37  8.56  0.10  0.67  0.13 275.2
 200106 166 BDL  9.98  8.95  0.25  0.66  0.07 284.7
 200106 167 BDL  9.19  6.60  0.08  0.43  0.24 304.8
 200106 168 BDL  8.57  5.03  0.05  0.21  0.28 323.0
 200106 169 BDL  8.42  7.74  0.30  0.67  0.03 328.0
 200106 170 BDL  8.97  7.79  0.17  0.60  0.22 311.6
 200106 171 BDL  8.87  7.32  0.16  0.55  0.20 314.5
 200106 172 BDL  8.87  4.45  0.12  0.16  0.03 314.4
 200106 173 BDL  8.72  6.03  0.01  0.46  0.25 318.8
 200106 174 BDL  9.54  5.72  0.04  0.30  0.20 295.4
 200106 175 BDL 10.13  6.72  0.00  0.33  0.38 281.1
 200106 176 BDL  9.61  6.89  0.00  0.48  0.30 293.6
 200106 177 BDL 10.30  9.15  0.17  0.69  0.14 276.7
 200106 178 BDL  9.50  8.33  0.14  0.67  0.19 296.0
 200106 179 BDL  8.70  6.34  0.00  0.50  0.30 318.5
 200106 180 BDL  8.57  5.99  0.04  0.43  0.26 322.2
 200106 181 BDL  8.71  7.42  0.09  0.60  0.31 317.8
 200107 182 BDL  9.09  7.50  0.07  0.57  0.32 306.3
 200107 183 BDL  7.81  6.74  0.17  0.54  0.29 347.0
 200107 184 BDL  8.97  7.82  0.18  0.55  0.28 309.1
 200107 185 BDL  7.79  3.82  0.01  0.14  0.21 346.8
 200107 186 BDL  8.05  7.00  0.15  0.61  0.24 337.5
 200107 187 BDL  8.57  7.08  0.06  0.52  0.41 319.6
 200107 188 BDL  8.61  7.58  0.13  0.68  0.20 318.1
 200107 189 BDL  8.08  3.42  0.00  0.00  0.26 334.9
 200107 190 BDL  8.56  6.60  0.07  0.47  0.33 318.8
 200107 191 BDL  8.21  6.41  0.08  0.46  0.35 329.7
 200107 192 BDL  7.67  5.43  0.00  0.35  0.46 348.0
 200107 193 BDL  7.55  5.50  0.00  0.33  0.54 352.0
 200107 194 BDL  7.59  6.48  0.10  0.59  0.31 349.3
 200107 195 BDL  7.53  5.85  0.05  0.46  0.39 351.0
 200107 196 BDL  7.44  6.23  0.06  0.61  0.31 353.9
 200107 197 BDL  8.06  6.74  0.04  0.66  0.27 330.4
 200107 198 BDL  7.93  4.05  0.00  0.11  0.32 334.3
 200107 199 BDL  7.80  5.66  0.08  0.43  0.26 338.3
 200107 200 BDL  8.42  6.63  0.09  0.56  0.21 316.5
 200107 201 BDL  8.19  7.38  0.28  0.59  0.13 322.7
 200107 202 BDL  8.07  7.38  0.29  0.63  0.09 325.7
 200107 203 BDL  7.81  6.79  0.17  0.62  0.19 333.9
 200107 204 BDL  8.40  7.45  0.22  0.63  0.14 313.5
 200107 206 BDL  8.82  7.52  0.06  0.70  0.22 298.5
 200107 207 BDL  8.65  5.10  0.06  0.31  0.13 302.2
 200107 208 BDL  8.25  7.37  0.26  0.58  0.16 314.0
 200107 209 BDL  8.54  7.45  0.13  0.66  0.21 303.7
 200107 210 BDL  7.80  6.37  0.07  0.62  0.23 326.5
 200107 211 BDL  7.90  5.41  0.04  0.37  0.31 321.9
 200107 212 BDL  8.38  7.27  0.20  0.59  0.18 305.2
 200108 213 BDL  8.17  7.30  0.22  0.64  0.14 310.3
 200108 214 BDL  8.38  7.43  0.17  0.68  0.15 302.2
 200108 215 BDL  8.02  6.21  0.02  0.54  0.32 312.3
 200108 216 BDL  7.73  4.14  0.00  0.16  0.31 320.5
 200108 217 BDL  7.69  5.93  0.03  0.51  0.34 320.5
 200108 218 BDL  7.64  6.65  0.10  0.69  0.21 320.5
 200108 219 BDL  7.60  6.46  0.09  0.59  0.32 320.5
 200108 220 BDL  7.56  6.55  0.09  0.69  0.22 320.5
 200108 221 BDL  8.42  7.30  0.14  0.61  0.25 291.7
 200108 222 BDL  8.22  5.93  0.00  0.48  0.31 295.5
 200108 223 BDL  8.77  6.48  0.03  0.56  0.19 278.3
 200108 224 BDL  8.63  3.62  0.00  0.10  0.11 280.4
 200108 225 BDL  8.40  5.24  0.08  0.31  0.18 285.1
 200108 226 BDL  8.18  4.60  0.00  0.22  0.29 289.7
 200108 227 BDL  8.10  6.86  0.18  0.60  0.15 290.4
 200108 228 BDL  8.19  6.93  0.12  0.64  0.19 286.0
 200108 229 BDL  8.08  5.13  0.00  0.31  0.34 287.4
 200108 230 BDL  7.66  6.71  0.12  0.67  0.22 298.0
 200108 231 BDL  7.48  4.06  0.00  0.20  0.27 302.2
 200108 232 BDL  7.68  4.63  0.01  0.27  0.30 293.6
 200108 233 BDL  8.07  5.88  0.00  0.42  0.41 279.4
 200108 234 BDL  8.01  6.72  0.08  0.61  0.28 278.9
 200108 235 BDL  7.62  4.91  0.00  0.34  0.32 288.9
 200108 236 BDL  7.13  4.67  0.00  0.38  0.29 302.8
 200108 237 BDL  7.23  5.95  0.17  0.59  0.12 296.8
 200108 238 BDL  7.39  6.62  0.26  0.64  0.08 289.4
 200108 239 BDL  7.14  4.25  0.00  0.24  0.34 295.3
 200108 240 BDL  6.87  5.23  0.04  0.48  0.34 302.4
 200108 241 BDL  7.10  5.79  0.12  0.58  0.20 292.0
 200108 242 BDL  7.49  6.00  0.08  0.61  0.19 276.3
 200108 243 BDL  6.90  4.95  0.00  0.48  0.30 293.3
 200109 244 BDL  6.63  5.42  0.07  0.55  0.33 300.2
 200109 245 BDL  6.84  5.67  0.12  0.61  0.19 290.2
 200109 246 BDL  7.48  6.21  0.12  0.62  0.18 266.7
 200109 247 BDL  6.55  4.47  0.00  0.37  0.37 294.9
 200109 248 BDL  6.50  5.08  0.08  0.54  0.24 294.0
 200109 249 BDL  6.69  6.26  0.41  0.59  0.00 284.0
 200109 250 BDL  6.61  6.08  0.35  0.59  0.06 283.7
 200109 251 BDL  6.99  6.40  0.35  0.57  0.08 268.0
 200109 252 BDL  6.89  6.19  0.28  0.60  0.11 268.4
 200109 253 BDL  6.47  4.98  0.14  0.50  0.17 279.5
 200109 254 BDL  5.72  5.12  0.23  0.64  0.13 306.8
 200109 255 BDL  5.59  5.13  0.29  0.65  0.07 309.1
 200109 256 BDL  5.75  4.61  0.21  0.45  0.20 298.0
 200109 257 BDL  5.54  2.36  0.00  0.05  0.20 304.2
 200109 258 BDL  5.36  4.75  0.21  0.61  0.18 309.3
 200109 259 BDL  5.28  4.73  0.22  0.64  0.15 309.6
 200109 260 BDL  5.32  4.80  0.26  0.63  0.11 303.4
 200109 261 BDL  5.26  3.69  0.04  0.39  0.32 302.2
 200109 263 BDL  5.48  2.36  0.00  0.07  0.18 285.1
 200109 264 BDL  5.44  2.66  0.04  0.13  0.17 282.8
 200109 265 BDL  5.47  3.91  0.00  0.41  0.39 277.4
 200109 266 BDL  5.16  4.09  0.06  0.57  0.26 288.2
 200109 267 BDL  5.19  3.87  0.04  0.56  0.19 282.4
 200109 268 BDL  5.34  2.13  0.03  0.10  0.01 271.9
 200109 269 BDL  5.37  4.74  0.23  0.56  0.21 266.8
 200109 270 BDL  5.25  3.28  0.07  0.21  0.34 268.1
 200109 271 BDL  4.62  2.44  0.00  0.07  0.42 294.3
 200109 272 BDL  4.52  2.96  0.01  0.33  0.34 295.5
 200110 274 BDL  4.47  3.01  0.18  0.25  0.22 290.1
 200110 275 BDL  4.20  3.62  0.30  0.47  0.17 300.8
 200110 276 BDL  4.27  3.65  0.27  0.48  0.19 292.2
 200110 277 BDL  4.34  3.86  0.34  0.48  0.16 284.1
 200110 278 BDL  4.13  3.53  0.23  0.51  0.21 291.6
 200110 279 BDL  3.76  2.05  0.11  0.17  0.14 311.3
 200110 280 BDL  3.47  2.74  0.15  0.36  0.40 328.0
 200110 281 BDL  3.42  2.86  0.35  0.29  0.28 326.3
 200110 282 BDL  3.67  3.47  0.56  0.40  0.05 302.2
 200110 283 BDL  3.72  3.24  0.41  0.40  0.11 294.0
 200110 284 BDL  3.76  3.22  0.23  0.52  0.20 287.0
 200110 285 BDL  3.80  3.00  0.26  0.41  0.15 279.7
 200110 286 BDL  3.84  2.69  0.20  0.31  0.17 272.2
 200110 287 BDL  4.09  2.92  0.20  0.37  0.12 253.9
 200110 288 BDL  3.57  3.00  0.29  0.41  0.22 280.3
 200110 289 BDL  3.16  2.39  0.20  0.44  0.12 306.0
 200110 290 BDL  2.87  2.02  0.05  0.28  0.47 327.7
 200110 291 BDL  2.99  2.86  0.65  0.34  0.01 309.8
 200110 292 BDL  3.11  2.76  0.36  0.48  0.12 294.5
 200110 293 BDL  3.07  2.14  0.06  0.35  0.34 293.5
 200110 294 BDL  3.16  2.46  0.28  0.36  0.16 281.5
 200110 295 BDL  3.04  1.94  0.08  0.28  0.26 286.4
 200110 296 BDL  2.97  1.60  0.00  0.22  0.23 286.7
 200110 297 BDL  3.07  1.73  0.05  0.21  0.23 273.9
 200110 298 BDL  3.39  2.02  0.01  0.26  0.30 246.6
 200110 299 BDL  2.52  1.58  0.02  0.23  0.40 314.1
 200110 300 BDL  2.17  1.57  0.22  0.25  0.28 353.4
 200110 301 BDL  2.37  2.13  0.36  0.46  0.18 319.3
 200110 302 BDL  2.67  2.44  0.42  0.47  0.10 282.9
 200110 303 BDL  2.34  2.18  0.65  0.31  0.00 313.6
 200110 304 BDL  2.38  1.60  0.18  0.29  0.16 303.3
 200111 305 BDL  2.53  1.82  0.15  0.35  0.24 282.4
 200111 306 BDL  2.92  1.80  0.06  0.28  0.24 244.8
 200111 307 BDL  2.79  1.94  0.17  0.29  0.24 250.1
 200111 308 BDL  2.35  1.72  0.13  0.37  0.28 286.0
 200111 309 BDL  1.93  1.03  0.03  0.06  0.40 335.4
 200111 310 BDL  1.99  1.64  0.30  0.32  0.29 320.1
 200111 311 BDL  2.04  1.76  0.36  0.44  0.11 306.6
 200111 312 BDL  1.89  1.58  0.38  0.38  0.11 324.3
 200111 313 BDL  1.79  1.49  0.25  0.38  0.31 337.0
 200111 314 BDL  1.81  1.19  0.09  0.29  0.28 328.2
 200111 315 BDL  1.72  1.53  0.38  0.37  0.25 338.1
 200111 316 BDL  1.76  1.49  0.28  0.42  0.23 325.0
 200111 317 BDL  1.81  1.57  0.31  0.47  0.18 313.2
 200111 318 BDL  1.79  1.21  0.08  0.32  0.29 309.8
 200111 319 BDL  1.86  1.35  0.13  0.35  0.29 294.5
 200111 320 BDL  1.85  1.34  0.21  0.32  0.20 290.9
 200111 321 BDL  1.77  1.53  0.41  0.41  0.08 298.1
 200111 322 BDL  1.78  1.59  0.30  0.53  0.16 292.2
 200111 323 BDL  1.70  1.23  0.15  0.37  0.23 302.0
 200111 324 BDL  1.52  0.72  0.01  0.11  0.21 330.7
 200111 325 BDL  1.46  1.25  0.38  0.37  0.17 338.1
 200111 326 BDL  1.68  1.47  0.29  0.49  0.19 293.6
 200111 327 BDL  1.65  1.34  0.26  0.44  0.16 294.4
 200111 328 BDL  1.72  1.15  0.17  0.27  0.19 278.4
 200111 329 BDL  1.74  0.88  0.02  0.19  0.16 273.0
 200111 330 BDL  1.64  1.05  0.16  0.24  0.18 283.5
 200111 331 BDL  1.58  0.97  0.14  0.22  0.18 289.5
 200111 332 BDL  1.56  0.93  0.12  0.25  0.14 290.8
 200111 333 BDL  1.85  0.66  0.06  0.00  0.00 246.2
 200111 334 BDL  1.83  0.86  0.00  0.12  0.21 246.7
 200112 335 BDL  1.86  1.52  0.24  0.47  0.16 241.4
 200112 336 BDL  1.64  1.18  0.14  0.36  0.25 267.9
 200112 337 BDL  1.54  1.23  0.17  0.43  0.29 281.5
 200112 338 BDL  1.54  1.09  0.15  0.35  0.22 278.1
 200112 339 BDL  1.70  1.01  0.09  0.21  0.23 250.9
 200112 340 BDL  1.81  1.05  0.01  0.28  0.23 236.7
 200112 341 BDL  1.34  0.99  0.11  0.41  0.27 307.6
 200112 342 BDL  1.36  0.91  0.18  0.30  0.15 302.1
 200112 343 BDL  1.34  0.85  0.08  0.19  0.37 304.4
 200112 344 BDL  1.42  1.32  0.44  0.47  0.10 287.6
 200112 345 BDL  1.57  1.19  0.28  0.32  0.17 261.7
 200112 346 BDL  1.52  1.09  0.30  0.30  0.06 268.4
 200112 347 BDL  1.50  0.57  0.07  0.00  0.04 270.5
 200112 348 BDL  1.38  0.49  0.00  0.01  0.07 289.5
 200112 349 BDL  1.36  1.07  0.33  0.26  0.24 292.7
 200112 350 BDL  1.39  1.31  0.56  0.40  0.04 286.7
 200112 351 BDL  1.29  0.52  0.00  0.05  0.14 304.1
 200112 352 BDL  1.21  0.75  0.06  0.22  0.34 324.7
 200112 353 BDL  1.31  0.86  0.11  0.29  0.24 301.0
 200112 354 BDL  1.24  0.62  0.00  0.10  0.30 318.1
 200112 355 BDL  1.16  0.71  0.26  0.15  0.07 338.1
 200112 356 BDL  1.23  1.13  0.45  0.43  0.12 320.6
 200112 357 BDL  1.34  1.19  0.33  0.51  0.14 296.6
 200112 358 BDL  1.20  0.70  0.04  0.23  0.25 328.6
 200112 359 BDL  1.27  0.97  0.13  0.39  0.33 312.5
 200112 360 BDL  1.22  0.83  0.13  0.28  0.28 324.0
 200112 361 BDL  1.06  0.73  0.09  0.26  0.39 374.2
 200112 362 BDL  1.13  0.74  0.01  0.33  0.35 350.4
 200112 363 BDL  1.07  0.63  0.00  0.19  0.40 370.7
 200112 364 BDL  1.05  0.77  0.21  0.27  0.29 378.4
 200112 365 BDL  1.13  0.86  0.17  0.33  0.34 350.5
