 BIL 20020101  0.90  0.86  0.76  0.23  0.00 340.2
 BIL 20020102  0.97  0.91  0.51  0.39  0.11 316.6
 BIL 20020103  0.95  0.70  0.03  0.46  0.34 329.1
 BIL 20020104  1.02  0.85  0.21  0.46  0.26 309.0
 BIL 20020105  1.03  0.77  0.14  0.40  0.27 310.2
 BIL 20020106  1.03  0.94  0.39  0.46  0.16 313.9
 BIL 20020107  1.08  0.80  0.01  0.44  0.39 302.2
 BIL 20020108  1.12  0.81  0.00  0.45  0.36 295.2
 BIL 20020109  1.01  0.79  0.21  0.39  0.24 327.9
 BIL 20020110  1.14  1.04  0.44  0.43  0.13 295.1
 BIL 20020111  1.09  0.92  0.26  0.46  0.21 311.6
 BIL 20020112  1.03  0.79  0.10  0.42  0.33 334.1
 BIL 20020113  0.97  0.82  0.25  0.44  0.24 360.8
 BIL 20020114  1.01  0.85  0.34  0.40  0.14 351.9
 BIL 20020115  1.01  0.74  0.17  0.38  0.19 359.9
 BIL 20020116  0.98  0.83  0.27  0.46  0.20 374.5
 BIL 20020117  0.99  0.64  0.25  0.17  0.16 380.5
 BIL 20020118  0.95  0.70  0.27  0.26  0.20 401.3
 BIL 20020119  1.02  0.70  0.03  0.36  0.35 379.4
 BIL 20020120  0.98  0.72  0.10  0.38  0.32 400.5
 BIL 20020121  1.12  0.86  0.00  0.54  0.34 353.7
 BIL 20020122  1.12  0.87  0.08  0.49  0.29 363.1
 BIL 20020123  1.09  0.88  0.20  0.43  0.25 380.4
 BIL 20020124  1.21  0.96  0.08  0.48  0.36 350.8
 BIL 20020125  1.15  0.88  0.00  0.49  0.39 375.0
 BIL 20020126  1.23  0.90  0.00  0.48  0.33 358.4
 BIL 20020127  1.43  0.95  0.03  0.39  0.25 315.4
 BIL 20020128  1.41  0.68  0.01  0.10  0.24 325.6
 BIL 20020129  1.29  1.13  0.41  0.40  0.12 361.5
 BIL 20020130  1.34  1.11  0.32  0.41  0.14 355.0
 BIL 20020131  1.29  1.00  0.21  0.37  0.25 374.8
 BIL 20020201  1.36  0.95  0.03  0.39  0.33 365.3
 BIL 20020202  1.44  1.14  0.14  0.46  0.27 351.5
 BIL 20020203  1.54  1.42  0.47  0.42  0.11 338.5
 BIL 20020204  1.55  1.27  0.24  0.44  0.22 343.8
 BIL 20020205  1.71  1.59  0.52  0.39  0.09 320.0
 BIL 20020206  1.63  1.37  0.22  0.50  0.21 340.2
 BIL 20020207  1.72  1.30  0.00  0.51  0.36 330.8
 BIL 20020208  1.84  0.95  0.00  0.12  0.32 317.2
 BIL 20020209  2.02  1.83  0.53  0.35  0.08 296.5
 BIL 20020210  2.32  2.12  0.43  0.43  0.14 266.6
 BIL 20020211  1.69  1.35  0.12  0.48  0.30 365.1
 BIL 20020212  1.63  1.46  0.40  0.43  0.14 386.7
 BIL 20020213  1.84  1.66  0.37  0.46  0.17 352.3
 BIL 20020214  1.75  1.05  0.21  0.11  0.20 378.2
 BIL 20020215  2.21  1.98  0.36  0.46  0.17 310.6
 BIL 20020216  2.05  1.93  0.57  0.38  0.05 339.1
 BIL 20020217  2.06  1.57  0.07  0.49  0.28 345.3
 BIL 20020218  1.87  1.22  0.14  0.27  0.21 385.6
 BIL 20020219  2.20  1.83  0.26  0.45  0.20 337.9
 BIL 20020220  2.26  1.93  0.36  0.39  0.17 336.0
 BIL 20020221  2.31  1.94  0.16  0.53  0.26 335.7
 BIL 20020222  2.29  1.82  0.00  0.54  0.40 346.6
 BIL 20020223  2.28  1.29  0.00  0.22  0.30 354.9
 BIL 20020224  2.71  1.37  0.02  0.14  0.23 310.0
 BIL 20020225  2.71  2.01  0.16  0.38  0.24 316.6
 BIL 20020226  2.65  2.51  0.59  0.38  0.03 328.9
 BIL 20020227  2.51  1.82  0.21  0.30  0.22 352.1
 BIL 20020228  2.35  0.99  0.00  0.02  0.23 382.6
 BIL 20020301  2.12  1.62  0.23  0.36  0.20 429.2
 BIL 20020302  2.45  2.22  0.50  0.37  0.09 380.8
 BIL 20020303  2.80  2.32  0.07  0.56  0.34 345.0
 BIL 20020304  2.78  2.09  0.00  0.50  0.36 354.4
 BIL 20020305  2.72  2.19  0.04  0.55  0.35 368.2
 BIL 20020306  2.88  1.52  0.00  0.16  0.29 357.0
 BIL 20020307  2.98  1.79  0.00  0.28  0.30 352.1
 BIL 20020308  3.03  2.08  0.16  0.30  0.22 353.7
 BIL 20020310  3.10  2.28  0.00  0.46  0.37 358.7
 BIL 20020311  3.11  2.22  0.00  0.41  0.39 364.0
 BIL 20020312  3.33  2.50  0.00  0.49  0.37 348.6
 BIL 20020313  3.36  2.51  0.14  0.43  0.21 351.8
 BIL 20020314  3.38  2.36  0.20  0.26  0.23 356.1
 BIL 20020315  2.98  2.41  0.13  0.52  0.25 406.0
 BIL 20020316  2.77  1.91  0.19  0.29  0.19 443.0
 BIL 20020317  2.93  1.45  0.01  0.13  0.24 427.4
 BIL 20020318  3.19  2.17  0.18  0.27  0.21 401.9
 BIL 20020319  3.29  2.14  0.01  0.34  0.32 397.0
 BIL 20020320  3.38  1.84  0.00  0.18  0.30 393.5
 BIL 20020321  3.87  2.75  0.25  0.28  0.15 354.1
 BIL 20020322  4.31  3.57  0.29  0.44  0.15 327.5
 BIL 20020323  4.12  2.59  0.00  0.34  0.28 345.4
 BIL 20020324  4.06  2.05  0.07  0.08  0.23 355.4
 BIL 20020325  4.50  3.42  0.22  0.37  0.20 329.8
 BIL 20020326  4.61  4.12  0.38  0.44  0.16 327.7
 BIL 20020327  4.23  2.90  0.00  0.39  0.35 357.9
 BIL 20020328  4.00  3.17  0.00  0.56  0.37 381.3
 BIL 20020329  3.96  3.01  0.00  0.53  0.33 390.2
 BIL 20020330  4.21  2.61  0.00  0.27  0.36 374.7
 BIL 20020331  4.57  3.21  0.00  0.41  0.36 353.8
 BIL 20020401  4.57  3.18  0.00  0.42  0.33 358.7
 BIL 20020402  4.31  3.42  0.32  0.36  0.13 382.3
 BIL 20020403  4.80  4.17  0.34  0.48  0.11 352.5
 BIL 20020404  4.96  4.52  0.43  0.46  0.09 346.4
 BIL 20020405  5.51  5.05  0.48  0.41  0.09 320.2
 BIL 20020406  5.08  2.82  0.10  0.09  0.29 347.6
 BIL 20020407  5.37  3.49  0.10  0.31  0.21 335.4
 BIL 20020408  5.67  4.46  0.13  0.49  0.24 323.6
 BIL 20020409  5.76  3.97  0.01  0.40  0.33 323.0
 BIL 20020410  5.35  2.90  0.00  0.10  0.41 348.1
 BIL 20020411  6.05  5.17  0.28  0.49  0.16 317.0
 BIL 20020412  6.70  5.17  0.04  0.50  0.34 293.8
 BIL 20020413  6.34  3.93  0.14  0.17  0.27 310.6
 BIL 20020414  6.53  3.69  0.00  0.09  0.48 306.1
 BIL 20020415  5.03  2.48  0.00  0.12  0.26 386.4
 BIL 20020416  5.59  3.10  0.01  0.16  0.34 356.3
 BIL 20020417  5.96  3.44  0.00  0.19  0.37 340.7
 BIL 20020418  6.73  3.13  0.06  0.11  0.11 310.0
 BIL 20020419  5.75  3.90  0.06  0.35  0.29 357.6
 BIL 20020420  5.15  2.82  0.00  0.20  0.28 397.0
 BIL 20020421  5.04  4.20  0.15  0.54  0.25 408.0
 BIL 20020422  5.16  4.33  0.20  0.50  0.24 402.9
 BIL 20020423  5.07  3.81  0.02  0.51  0.31 412.9
 BIL 20020424  5.46  4.10  0.05  0.47  0.31 389.7
 BIL 20020425  6.26  4.51  0.00  0.43  0.38 349.1
 BIL 20020426  5.50  3.96  0.00  0.47  0.32 393.1
 BIL 20020427  5.75  2.18  0.02  0.05  0.05 381.7
 BIL 20020428  6.90  5.68  0.12  0.55  0.26 328.7
 BIL 20020429  7.34  5.85  0.00  0.61  0.31 314.5
 BIL 20020430  6.10  2.30  0.09  0.00  0.00 370.4
 BIL 20020501  5.64  4.46  0.09  0.53  0.26 398.9
 BIL 20020503  5.69  4.72  0.17  0.52  0.24 401.1
 BIL 20020504  5.96  4.91  0.08  0.57  0.30 387.7
 BIL 20020505  6.63  4.05  0.00  0.29  0.31 355.8
 BIL 20020506  5.93  3.72  0.00  0.22  0.45 393.8
 BIL 20020507  6.07  2.66  0.00  0.00  0.30 388.3
 BIL 20020508  5.79  2.47  0.00  0.07  0.17 406.6
 BIL 20020509  6.31  5.15  0.15  0.54  0.21 379.6
 BIL 20020510  6.22  2.84  0.00  0.10  0.20 386.4
 BIL 20020511  6.35  5.67  0.34  0.50  0.14 382.0
 BIL 20020512  7.38  6.49  0.35  0.48  0.12 337.7
 BIL 20020513  7.15  6.79  0.57  0.42  0.01 347.7
 BIL 20020514  6.85  5.34  0.12  0.42  0.34 362.6
 BIL 20020515  6.24  5.27  0.15  0.58  0.22 393.8
 BIL 20020516  7.34  4.29  0.15  0.14  0.21 344.5
 BIL 20020517  7.58  5.89  0.10  0.53  0.21 336.9
 BIL 20020518  7.83  5.74  0.00  0.43  0.41 329.1
 BIL 20020519  8.35  7.45  0.28  0.56  0.15 313.1
 BIL 20020520  8.94  7.96  0.25  0.58  0.17 296.7
 BIL 20020521  8.15  5.60  0.00  0.42  0.31 321.7
 BIL 20020522  7.61  4.08  0.00  0.19  0.27 342.2
 BIL 20020523  8.23  4.76  0.08  0.21  0.21 320.9
 BIL 20020524  7.54  5.81  0.10  0.42  0.35 346.4
 BIL 20020525  7.52  5.60  0.00  0.45  0.41 348.0
 BIL 20020526  7.32  4.03  0.04  0.16  0.28 357.1
 BIL 20020527  7.64  5.25  0.06  0.28  0.41 345.5
 BIL 20020528  8.66  7.50  0.14  0.63  0.22 312.1
 BIL 20020529  9.08  6.04  0.05  0.26  0.40 300.2
 BIL 20020530  9.62  6.13  0.00  0.25  0.43 287.4
 BIL 20020531  9.83  8.30  0.28  0.47  0.16 282.8
 BIL 20020601  9.00  5.26  0.00  0.23  0.33 304.8
 BIL 20020602  8.66  5.10  0.05  0.15  0.37 315.3
 BIL 20020603  8.93  6.45  0.11  0.39  0.26 308.0
 BIL 20020604  9.22  7.88  0.20  0.56  0.19 299.7
 BIL 20020605  8.65  7.18  0.13  0.58  0.22 317.2
 BIL 20020606  7.38  5.98  0.18  0.48  0.23 363.0
 BIL 20020607  8.21  6.46  0.12  0.51  0.23 332.3
 BIL 20020608  8.23  4.14  0.00  0.09  0.33 332.2
 BIL 20020609  8.80  6.37  0.05  0.44  0.29 314.7
 BIL 20020611  7.88  5.57  0.00  0.37  0.43 345.7
 BIL 20020612  8.66  6.67  0.08  0.45  0.34 319.5
 BIL 20020613  8.16  7.55  0.50  0.44  0.04 336.1
 BIL 20020614  8.18  7.78  0.52  0.49  0.00 335.7
 BIL 20020615  7.70  6.72  0.24  0.58  0.14 352.8
 BIL 20020616  8.09  7.34  0.33  0.55  0.12 338.9
 BIL 20020617  8.26  6.05  0.05  0.42  0.34 333.1
 BIL 20020618  8.27  4.82  0.00  0.20  0.37 333.1
 BIL 20020619  8.94  7.31  0.20  0.47  0.23 312.3
 BIL 20020620 10.36  9.03  0.26  0.55  0.15 275.9
 BIL 20020621  9.20  7.40  0.13  0.50  0.27 304.6
 BIL 20020622  9.10  6.02  0.06  0.30  0.32 307.4
 BIL 20020623  9.22  7.06  0.14  0.38  0.33 303.7
 BIL 20020624  9.63  8.03  0.17  0.56  0.19 292.8
 BIL 20020625  9.67  8.85  0.36  0.55  0.09 291.8
 BIL 20020626  8.80  8.15  0.42  0.52  0.06 315.5
 BIL 20020627  8.64  7.98  0.40  0.54  0.06 320.0
 BIL 20020628  8.68  7.78  0.29  0.57  0.13 318.5
 BIL 20020629  9.12  7.26  0.08  0.50  0.33 305.5
 BIL 20020630 10.39  9.58  0.47  0.42  0.11 273.8
 BIL 20020701  9.05  7.79  0.32  0.46  0.15 306.8
 BIL 20020702  8.88  8.08  0.43  0.46  0.09 311.6
 BIL 20020703  8.89  7.52  0.10  0.62  0.25 310.6
 BIL 20020704  8.73  7.11  0.13  0.56  0.21 314.9
 BIL 20020705  9.68  8.14  0.24  0.52  0.15 288.5
 BIL 20020706 10.26  8.70  0.12  0.60  0.25 274.1
 BIL 20020707 10.00  8.74  0.24  0.57  0.16 279.9
 BIL 20020708 10.64  9.31  0.26  0.54  0.17 265.6
 BIL 20020709  9.21  8.80  0.71  0.24  0.05 298.4
 BIL 20020710  9.32  8.87  0.64  0.35  0.00 295.2
 BIL 20020711 10.17  9.70  0.78  0.19  0.00 273.6
 BIL 20020712  9.87  9.16  0.38  0.57  0.06 280.0
 BIL 20020713  9.44  8.76  0.43  0.52  0.05 290.1
 BIL 20020714  9.50  8.69  0.35  0.56  0.09 287.6
 BIL 20020715  9.33  7.78  0.14  0.58  0.21 291.1
 BIL 20020716  9.29  7.73  0.18  0.56  0.17 291.5
 BIL 20020717  9.48  7.24  0.09  0.47  0.28 286.0
 BIL 20020718  9.65  8.16  0.20  0.56  0.17 280.6
 BIL 20020719  9.82  6.61  0.11  0.24  0.35 275.7
 BIL 20020720  9.22  7.52  0.11  0.57  0.23 290.1
 BIL 20020721  9.05  7.40  0.13  0.55  0.23 293.3
 BIL 20020722  8.69  6.67  0.09  0.49  0.26 302.1
 BIL 20020723  8.66  7.15  0.10  0.60  0.23 301.6
 BIL 20020724  8.52  7.21  0.15  0.59  0.21 304.7
 BIL 20020725  8.54  7.14  0.13  0.59  0.22 303.0
 BIL 20020726  8.07  6.38  0.06  0.53  0.31 316.6
 BIL 20020727  8.10  5.79  0.03  0.39  0.37 314.3
 BIL 20020728  7.47  5.87  0.10  0.51  0.26 334.9
 BIL 20020729  8.08  6.54  0.07  0.57  0.28 312.4
 BIL 20020730  8.17  7.16  0.20  0.57  0.23 308.2
 BIL 20020731  8.20  7.06  0.27  0.49  0.19 305.4
 BIL 20020802  8.24  6.37  0.09  0.50  0.26 300.9
 BIL 20020803  8.09  6.91  0.40  0.37  0.13 303.9
 BIL 20020804  8.29  6.92  0.14  0.57  0.23 296.2
 BIL 20020805  8.43  6.40  0.26  0.34  0.17 290.5
 BIL 20020806  8.50  7.94  0.55  0.34  0.12 287.1
 BIL 20020807  8.61  5.84  0.11  0.34  0.22 282.3
 BIL 20020808  8.03  3.79  0.00  0.10  0.24 297.3
 BIL 20020809  6.96  5.28  0.00  0.51  0.36 333.6
 BIL 20020810  7.66  6.58  0.15  0.60  0.23 305.6
 BIL 20020811  7.62  6.59  0.25  0.52  0.19 304.6
 BIL 20020812  7.01  5.72  0.26  0.44  0.17 324.5
 BIL 20020813  7.38  5.52  0.00  0.49  0.36 308.6
 BIL 20020814  7.66  6.31  0.08  0.57  0.30 296.6
 BIL 20020815  7.37  6.05  0.20  0.49  0.21 304.3
 BIL 20020816  7.50  6.38  0.19  0.53  0.24 297.4
 BIL 20020817  7.32  6.83  0.56  0.37  0.06 301.4
 BIL 20020818  6.99  5.89  0.25  0.51  0.15 311.3
 BIL 20020819  7.12  6.74  0.67  0.27  0.05 303.7
 BIL 20020820  6.96  5.93  0.22  0.56  0.15 307.1
 BIL 20020821  6.56  4.00  0.02  0.23  0.36 320.2
 BIL 20020822  6.42  5.68  0.30  0.54  0.13 322.9
 BIL 20020823  6.40  4.99  0.10  0.50  0.26 321.0
 BIL 20020824  6.73  4.79  0.06  0.40  0.30 304.8
 BIL 20020825  6.65  5.80  0.26  0.55  0.15 305.3
 BIL 20020826  6.64  5.62  0.21  0.55  0.17 302.6
 BIL 20020827  6.72  4.54  0.06  0.28  0.38 296.5
 BIL 20020828  6.64  4.84  0.06  0.38  0.37 296.8
 BIL 20020829  6.59  5.60  0.15  0.59  0.22 295.8
 BIL 20020830  6.25  5.35  0.18  0.58  0.20 306.2
 BIL 20020831  6.30  4.61  0.13  0.34  0.32 300.6
 BIL 20020901  6.25  4.77  0.02  0.50  0.35 299.1
 BIL 20020902  6.36  5.26  0.18  0.51  0.23 291.9
 BIL 20020903  6.36  5.88  0.40  0.52  0.09 288.8
 BIL 20020904  6.09  5.11  0.11  0.61  0.23 295.6
 BIL 20020905  6.34  5.15  0.02  0.62  0.30 282.5
 BIL 20020906  6.50  4.23  0.05  0.32  0.28 273.2
 BIL 20020907  6.27  4.47  0.00  0.43  0.36 278.5
 BIL 20020908  5.83  3.14  0.00  0.10  0.40 292.6
 BIL 20020909  5.45  4.40  0.19  0.47  0.22 306.0
 BIL 20020910  5.81  5.53  0.58  0.42  0.00 286.4
 BIL 20020911  5.99  5.37  0.42  0.47  0.06 274.9
 BIL 20020912  6.04  5.75  0.59  0.41  0.00 269.6
 BIL 20020913  5.79  5.52  0.60  0.38  0.03 275.5
 BIL 20020914  5.53  5.14  0.54  0.40  0.04 282.7
 BIL 20020915  5.38  5.05  0.54  0.40  0.06 285.4
 BIL 20020916  5.27  4.32  0.12  0.56  0.24 286.5
 BIL 20020917  4.91  2.72  0.09  0.18  0.18 299.5
 BIL 20020918  4.79  2.72  0.00  0.16  0.39 301.6
 BIL 20020919  5.01  4.07  0.10  0.55  0.27 286.4
 BIL 20020920  5.08  4.24  0.34  0.39  0.15 278.2
 BIL 20020921  4.20  3.32  0.24  0.41  0.18 322.9
 BIL 20020922  4.64  4.03  0.15  0.60  0.25 291.8
 BIL 20020923  4.65  3.68  0.13  0.50  0.24 287.0
 BIL 20020924  4.38  3.20  0.03  0.46  0.31 297.1
 BIL 20020925  4.16  3.33  0.30  0.38  0.15 305.3
 BIL 20020926  4.19  3.34  0.04  0.58  0.29 298.1
 BIL 20020927  4.16  1.99  0.04  0.13  0.15 295.4
 BIL 20020928  3.87  3.11  0.29  0.37  0.19 308.9
 BIL 20020929  4.05  3.33  0.09  0.54  0.32 292.0
 BIL 20020930  3.79  3.08  0.10  0.54  0.28 303.7
 BIL 20021001  3.44  1.87  0.00  0.22  0.24 324.8
 BIL 20021002  3.52  2.65  0.35  0.26  0.12 313.5
 BIL 20021003  3.56  2.43  0.05  0.37  0.29 304.6
 BIL 20021004  3.49  1.93  0.00  0.23  0.25 304.3
 BIL 20021005  3.32  2.08  0.00  0.31  0.32 312.4
 BIL 20021006  3.43  2.84  0.13  0.54  0.27 298.1
 BIL 20021007  3.64  3.06  0.21  0.49  0.24 277.6
 BIL 20021008  3.45  2.75  0.38  0.31  0.11 285.3
 BIL 20021009  3.54  3.14  0.40  0.42  0.14 274.0
 BIL 20021010  3.29  2.77  0.23  0.49  0.21 286.6
 BIL 20021011  2.93  2.31  0.15  0.46  0.25 312.0
 BIL 20021012  2.74  2.39  0.40  0.40  0.13 325.0
 BIL 20021013  3.07  2.80  0.42  0.44  0.14 288.3
 BIL 20021014  2.99  2.56  0.38  0.39  0.14 288.8
 BIL 20021015  2.90  2.56  0.43  0.41  0.09 290.8
 BIL 20021016  2.90  2.46  0.28  0.46  0.19 285.5
 BIL 20021017  2.81  2.54  0.41  0.43  0.15 286.8
 BIL 20021018  2.70  2.25  0.31  0.42  0.16 291.0
 BIL 20021019  2.85  2.56  0.44  0.41  0.11 271.9
 BIL 20021020  2.72  2.16  0.15  0.48  0.24 278.0
 BIL 20021021  2.82  1.96  0.07  0.40  0.24 264.7
 BIL 20021022  2.72  1.81  0.25  0.21  0.14 268.0
 BIL 20021023  2.70  1.70  0.13  0.24  0.21 264.8
 BIL 20021024  2.71  2.35  0.43  0.38  0.10 258.3
 BIL 20021025  2.65  2.38  0.50  0.36  0.09 257.8
 BIL 20021026  2.55  2.27  0.54  0.34  0.03 260.9
 BIL 20021027  2.31  1.96  0.36  0.41  0.12 278.3
 BIL 20021028  2.10  1.22  0.04  0.21  0.28 296.1
 BIL 20021029  1.98  0.96  0.00  0.10  0.27 307.1
 BIL 20021030  1.97  1.16  0.16  0.14  0.20 302.2
 BIL 20021031  1.95  1.61  0.44  0.32  0.07 299.7
 BIL 20021101  1.88  1.81  0.70  0.30  0.00 303.5
 BIL 20021102  1.85  1.77  0.67  0.32  0.00 301.4
 BIL 20021103  1.86  1.74  0.53  0.39  0.08 294.7
 BIL 20021104  1.92  1.65  0.32  0.43  0.18 280.3
 BIL 20021105  1.90  1.72  0.39  0.45  0.16 277.8
 BIL 20021106  1.85  1.64  0.26  0.51  0.24 278.1
 BIL 20021107  1.83  1.51  0.00  0.62  0.37 275.0
 BIL 20021108  1.70  1.13  0.00  0.35  0.36 289.1
 BIL 20021109  1.51  1.17  0.01  0.53  0.35 316.9
 BIL 20021110  1.49  1.07  0.13  0.35  0.28 315.6
 BIL 20021111  1.46  1.20  0.09  0.55  0.31 315.8
 BIL 20021112  1.48  1.13  0.03  0.50  0.34 305.7
 BIL 20021113  1.42  1.18  0.16  0.50  0.28 311.1
 BIL 20021114  1.43  1.10  0.09  0.46  0.31 304.0
 BIL 20021115  1.44  1.14  0.25  0.38  0.22 296.6
 BIL 20021116  1.51  1.26  0.08  0.57  0.32 276.1
 BIL 20021117  1.43  1.14  0.08  0.51  0.32 286.9
 BIL 20021118  1.30  1.05  0.03  0.56  0.35 308.4
 BIL 20021119  1.30  0.96  0.03  0.43  0.37 304.9
 BIL 20021120  1.39  1.08  0.12  0.44  0.30 280.0
 BIL 20021121  1.32  1.22  0.48  0.42  0.09 290.9
 BIL 20021122  1.31  0.93  0.00  0.44  0.34 289.1
 BIL 20021123  1.18  0.79  0.24  0.22  0.16 313.5
 BIL 20021124  1.05  0.94  0.56  0.34  0.02 346.4
 BIL 20021125  0.99  0.78  0.34  0.31  0.15 359.2
 BIL 20021126  0.93  0.85  0.51  0.39  0.08 379.7
 BIL 20021127  0.96  0.85  0.35  0.46  0.17 360.1
 BIL 20021128  1.03  0.93  0.38  0.45  0.17 331.7
 BIL 20021129  1.08  0.90  0.31  0.39  0.19 313.2
 BIL 20021130  1.03  0.95  0.47  0.42  0.11 322.3
 BIL 20021201  1.03  0.93  0.39  0.44  0.17 319.8
 BIL 20021202  1.00  0.73  0.06  0.46  0.27 325.7
 BIL 20021203  0.94  0.52  0.11  0.13  0.21 342.4
 BIL 20021204  0.94  0.78  0.38  0.37  0.09 337.2
 BIL 20021205  0.96  0.90  0.55  0.38  0.07 327.7
 BIL 20021206  1.02  0.92  0.33  0.47  0.21 304.1
 BIL 20021207  1.00  0.89  0.42  0.41  0.12 306.6
 BIL 20021208  0.94  0.85  0.44  0.42  0.12 323.4
 BIL 20021209  0.97  0.90  0.50  0.39  0.11 312.9
 BIL 20021210  0.97  0.83  0.15  0.55  0.28 309.9
 BIL 20021211  0.85  0.69  0.11  0.52  0.30 353.8
 BIL 20021212  0.86  0.59  0.11  0.30  0.31 348.1
