 200101   1 BIL  0.93  0.78  0.28  0.44  0.20 328.7
 200101   2 BIL  1.02  0.89  0.19  0.55  0.26 301.3
 200101   3 BIL  1.06  0.95  0.35  0.46  0.19 293.7
 200101   4 BIL  1.03  0.89  0.26  0.48  0.23 305.4
 200101   5 BIL  1.16  0.95  0.03  0.56  0.38 275.3
 200101   6 BIL  0.91  0.80  0.40  0.40  0.16 355.0
 200101   7 BIL  1.03  0.97  0.61  0.36  0.02 316.7
 200101   8 BIL  0.98  0.94  0.66  0.32  0.01 334.3
 200101   9 BIL  1.03  0.86  0.20  0.49  0.24 323.2
 200101  10 BIL  1.05  0.88  0.20  0.51  0.23 321.1
 200101  11 BIL  1.08  0.86  0.12  0.51  0.25 314.3
 200101  12 BIL  1.10  0.70  0.07  0.29  0.25 314.5
 200101  13 BIL  0.99  0.62  0.18  0.19  0.20 353.9
 200101  14 BIL  0.93  0.61  0.16  0.23  0.24 385.5
 200101  15 BIL  0.94  0.69  0.24  0.30  0.19 387.6
 200101  16 BIL  0.95  0.88  0.59  0.36  0.02 389.2
 200101  17 BIL  1.01  0.79  0.01  0.54  0.35 370.0
 200101  18 BIL  1.06  1.00  0.60  0.36  0.04 360.4
 200101  19 BIL  1.05  0.89  0.20  0.50  0.25 366.6
 200101  21 BIL  1.35  1.21  0.28  0.51  0.22 295.4
 200101  22 BIL  1.27  1.09  0.41  0.38  0.12 321.6
 200101  23 BIL  1.26  1.19  0.67  0.31  0.00 330.3
 200101  24 BIL  1.25  1.16  0.61  0.32  0.03 338.1
 200101  25 BIL  1.15  0.81  0.05  0.42  0.28 376.2
 200101  26 BIL  1.12  1.05  0.65  0.32  0.00 393.4
 200101  27 BIL  1.14  1.10  0.71  0.29  0.00 395.8
 200101  28 BIL  1.26  1.21  0.68  0.32  0.00 363.4
 200101  29 BIL  1.34  1.26  0.60  0.35  0.05 348.8
 200101  30 BIL  1.24  1.04  0.21  0.48  0.25 382.5
 200101  31 BIL  1.33  0.93  0.13  0.33  0.26 363.5
 200102  32 BIL  1.27  1.04  0.18  0.47  0.26 388.9
 200102  33 BIL  1.42  1.12  0.05  0.51  0.35 358.2
 200102  34 BIL  1.43  1.17  0.13  0.51  0.29 362.5
 200102  35 BIL  1.42  1.09  0.05  0.49  0.32 372.9
 200102  36 BIL  1.37  0.92  0.00  0.38  0.33 394.4
 200102  37 BIL  1.43  0.85  0.11  0.21  0.21 388.0
 200102  38 BIL  1.34  0.58  0.00  0.03  0.24 421.1
 200102  39 BIL  1.50  1.24  0.50  0.27  0.04 384.3
 200102  40 BIL  1.50  1.16  0.09  0.51  0.24 392.4
 200102  41 BIL  1.49  1.07  0.12  0.38  0.24 401.5
 200102  42 BIL  1.58  1.16  0.19  0.35  0.22 389.8
 200102  43 BIL  1.55  1.14  0.17  0.36  0.23 405.9
 200102  44 BIL  1.58  1.12  0.24  0.29  0.15 407.4
 200102  45 BIL  1.56  1.36  0.33  0.46  0.17 423.4
 200102  46 BIL  1.60  0.87  0.00  0.19  0.28 420.9
 200102  47 BIL  1.84  0.99  0.00  0.21  0.25 375.7
 200102  48 BIL  2.00  1.57  0.07  0.53  0.28 353.5
 200102  49 BIL  2.04  1.54  0.02  0.49  0.34 355.1
 200102  50 BIL  2.07  1.54  0.07  0.46  0.28 357.8
 200102  51 BIL  2.10  1.84  0.54  0.32  0.03 359.2
 200102  52 BIL  2.14  1.65  0.16  0.39  0.29 360.3
 200102  53 BIL  2.13  1.70  0.26  0.41  0.17 370.8
 200102  54 BIL  1.92  1.03  0.05  0.15  0.25 418.6
 200102  55 BIL  2.04  1.63  0.21  0.44  0.21 403.8
 200102  56 BIL  2.12  1.75  0.15  0.53  0.25 396.9
 200102  57 BIL  2.28  1.85  0.33  0.39  0.12 378.7
 200102  58 BIL  2.42  2.25  0.65  0.30  0.00 365.6
 200102  59 BIL  2.44  2.32  0.61  0.37  0.02 369.0
 200103  60 BIL  2.17  1.89  0.36  0.43  0.15 420.4
 200103  61 BIL  2.42  2.20  0.39  0.46  0.15 385.7
 200103  62 BIL  2.47  1.87  0.19  0.39  0.21 386.5
 200103  63 BIL  2.97  2.45  0.24  0.47  0.18 333.9
 200103  64 BIL  3.13  2.42  0.11  0.47  0.27 324.5
 200103  65 BIL  2.93  2.52  0.37  0.42  0.12 350.5
 200103  66 BIL  2.96  2.72  0.54  0.38  0.04 354.1
 200103  67 BIL  2.89  2.71  0.56  0.38  0.06 369.4
 200103  68 BIL  2.89  1.89  0.00  0.37  0.30 375.5
 200103  69 BIL  3.10  2.77  0.52  0.36  0.04 359.0
 200103  70 BIL  2.68  2.03  0.18  0.39  0.23 417.9
 200103  71 BIL  3.13  2.26  0.14  0.33  0.29 368.3
 200103  72 BIL  3.08  2.39  0.09  0.45  0.34 380.9
 200103  73 BIL  3.10  1.83  0.00  0.24  0.33 385.6
 200103  74 BIL  3.11  2.27  0.22  0.34  0.17 391.0
 200103  75 BIL  2.93  2.54  0.52  0.32  0.04 420.3
 200103  76 BIL  3.09  2.74  0.41  0.43  0.11 407.0
 200103  77 BIL  3.15  2.67  0.30  0.44  0.18 406.0
 200103  78 BIL  3.61  2.66  0.10  0.39  0.31 365.3
 200103  79 BIL  4.01  3.09  0.29  0.34  0.15 338.7
 200103  80 BIL  4.24  3.47  0.28  0.42  0.17 327.6
 200103  81 BIL  4.05  3.35  0.27  0.44  0.18 345.7
 200103  82 BIL  4.22  3.36  0.27  0.41  0.15 338.9
 200103  83 BIL  4.01  3.18  0.28  0.40  0.14 359.9
 200103  84 BIL  4.34  2.74  0.03  0.34  0.24 340.7
 200103  85 BIL  4.20  3.07  0.20  0.34  0.20 355.2
 200103  86 BIL  4.54  3.53  0.22  0.39  0.21 337.0
 200103  87 BIL  4.44  2.91  0.10  0.28  0.27 348.1
 200103  88 BIL  3.75  2.96  0.06  0.54  0.29 410.1
 200103  89 BIL  4.10  2.78  0.00  0.42  0.29 383.6
 200103  90 BIL  4.39  3.87  0.38  0.44  0.13 366.6
 200104  91 BIL  4.29  3.50  0.22  0.45  0.22 379.1
 200104  92 BIL  4.58  2.10  0.06  0.07  0.15 362.6
 200104  93 BIL  4.50  3.76  0.16  0.56  0.21 372.5
 200104  94 BIL  5.39  4.13  0.07  0.49  0.29 322.7
 200104  95 BIL  5.19  3.46  0.22  0.25  0.14 337.7
 200104  96 BIL  4.46  2.25  0.07  0.15  0.13 389.4
 200104  97 BIL  4.23  2.41  0.07  0.16  0.28 413.3
 200104  98 BIL  4.43  1.93  0.02  0.12  0.09 400.9
 200104  99 BIL  4.60  2.06  0.01  0.16  0.08 392.6
 200104 100 BIL  4.56  2.99  0.02  0.35  0.30 400.2
 200104 101 BIL  4.30  2.63  0.02  0.26  0.32 426.1
 200104 102 BIL  4.41  2.37  0.07  0.18  0.17 420.6
 200104 103 BIL  4.68  3.38  0.00  0.41  0.41 403.2
 200104 104 BIL  4.80  3.91  0.17  0.49  0.24 398.3
 200104 105 BIL  4.44  3.24  0.00  0.51  0.29 431.3
 200104 106 BIL  4.53  3.50  0.06  0.54  0.25 427.8
 200104 107 BIL  5.38  4.68  0.24  0.55  0.18 371.6
 200104 108 BIL  5.07  3.22  0.00  0.31  0.34 394.8
 200104 109 BIL  5.44  2.38  0.00  0.04  0.24 375.1
 200104 110 BIL  5.59  2.24  0.00  0.07  0.11 369.9
 200104 111 BIL  5.46  2.91  0.13  0.18  0.06 380.6
 200104 112 BIL  6.10  4.33  0.11  0.36  0.27 348.7
 200104 113 BIL  5.94  3.47  0.01  0.28  0.24 359.6
 200104 114 BIL  5.72  4.01  0.01  0.34  0.44 374.0
 200104 115 BIL  6.78  6.31  0.47  0.47  0.06 326.2
 200104 116 BIL  6.87  6.39  0.42  0.52  0.07 325.0
 200104 117 BIL  6.84  6.07  0.21  0.62  0.17 328.8
 200104 118 BIL  6.81  5.68  0.05  0.63  0.29 332.4
 200104 119 BIL  6.60  5.46  0.08  0.59  0.28 344.0
 200104 120 BIL  6.45  3.42  0.00  0.18  0.27 353.3
 200105 121 BIL  5.40  4.14  0.00  0.55  0.32 414.8
 200105 122 BIL  5.69  3.64  0.02  0.31  0.32 398.6
 200105 123 BIL  6.32  4.32  0.12  0.38  0.16 366.5
 200105 124 BIL  6.35  5.18  0.38  0.32  0.14 367.2
 200105 125 BIL  5.91  4.87  0.27  0.42  0.20 392.8
 200105 126 BIL  5.86  5.34  0.40  0.48  0.11 397.4
 200105 127 BIL  6.84  5.82  0.28  0.49  0.15 350.2
 200105 128 BIL  6.37  5.03  0.00  0.54  0.39 374.2
 200105 129 BIL  6.34  4.89  0.00  0.56  0.32 378.0
 200105 130 BIL  6.40  4.71  0.06  0.45  0.29 377.1
 200105 131 BIL  6.92  5.99  0.26  0.54  0.15 355.0
 200105 132 BIL  7.26  6.40  0.16  0.66  0.18 342.1
 200105 133 BIL  7.47  6.25  0.06  0.63  0.28 335.6
 200105 134 BIL  8.48  7.35  0.12  0.64  0.24 302.5
 200105 135 BIL  7.34  5.63  0.00  0.53  0.35 344.5
 200105 136 BIL  7.39  6.83  0.41  0.50  0.10 344.1
 200105 137 BIL  7.39  6.83  0.41  0.50  0.10 344.1
 200105 138 BIL  6.99  4.71  0.15  0.23  0.30 362.4
 200105 139 BIL  7.01  5.91  0.09  0.62  0.26 362.6
 200105 140 BIL  6.60  4.94  0.02  0.51  0.30 383.6
 200105 141 BIL  6.79  5.13  0.00  0.54  0.31 375.5
 200105 142 BIL  7.55  5.76  0.03  0.53  0.29 344.3
 200105 143 BIL  7.78  6.56  0.10  0.63  0.23 336.9
 200105 144 BIL  8.50  7.88  0.43  0.51  0.06 313.6
 200105 145 BIL  8.75  7.04  0.11  0.53  0.26 306.6
 200105 146 BIL  8.32  7.20  0.25  0.55  0.15 320.7
 200105 147 BIL  7.97  5.99  0.17  0.37  0.26 333.6
 200105 148 BIL  7.62  5.88  0.06  0.51  0.29 346.9
 200105 149 BIL  8.20  6.16  0.21  0.33  0.25 327.2
 200105 150 BIL  8.15  6.97  0.14  0.61  0.22 329.8
 200105 151 BIL  7.97  6.20  0.08  0.52  0.26 337.2
 200106 152 BIL  7.47  6.38  0.21  0.55  0.19 356.6
 200106 153 BIL  7.55  5.32  0.00  0.43  0.34 353.5
 200106 154 BIL  7.42  2.71  0.00  0.00  0.12 359.8
 200106 155 BIL  8.05  5.42  0.04  0.35  0.31 336.2
 200106 156 BIL  7.51  5.41  0.04  0.39  0.37 357.2
 200106 157 BIL  7.75  6.09  0.14  0.49  0.22 347.9
 200106 158 BIL  8.06  6.75  0.15  0.57  0.22 337.6
 200106 159 BIL  8.59  7.19  0.11  0.62  0.21 320.2
 200106 160 BIL  8.64  7.03  0.11  0.56  0.24 319.1
 200106 161 BIL  8.61  6.77  0.06  0.55  0.27 320.6
 200106 162 BIL  8.26  5.78  0.00  0.38  0.40 332.4
 200106 163 BIL  7.94  3.71  0.00  0.02  0.34 343.5
 200106 164 BIL  7.45  3.03  0.00  0.03  0.18 362.8
 200106 165 BIL  8.32  7.04  0.15  0.57  0.24 330.7
 200106 166 BIL  7.72  6.50  0.27  0.45  0.20 352.0
 200106 167 BIL  8.16  7.02  0.29  0.51  0.13 336.6
 200106 168 BIL  8.03  7.29  0.52  0.33  0.12 341.3
 200106 169 BIL  7.82  5.87  0.05  0.50  0.27 348.7
 200106 170 BIL  8.55  7.19  0.21  0.54  0.17 323.7
 200106 171 BIL  8.18  7.36  0.41  0.48  0.07 336.6
 200106 172 BIL  8.56  7.86  0.37  0.55  0.08 323.4
 200106 173 BIL  8.20  7.24  0.23  0.59  0.17 335.4
 200106 174 BIL  8.69  7.13  0.05  0.62  0.27 319.1
 200106 175 BIL  8.96  7.79  0.22  0.57  0.18 311.1
 200106 176 BIL  9.13  7.17  0.00  0.59  0.31 305.8
 200106 177 BIL  9.65  7.58  0.00  0.59  0.31 292.1
 200106 178 BIL  9.56  8.21  0.11  0.63  0.25 294.1
 200106 179 BIL 10.27  8.54  0.12  0.58  0.24 276.7
 200106 180 BIL 10.02  7.77  0.08  0.53  0.24 282.7
 200106 181 BIL  9.23  6.51  0.02  0.45  0.28 302.0
 200107 182 BIL  9.47  7.78  0.21  0.50  0.18 295.4
 200107 183 BIL 10.29  8.70  0.27  0.50  0.14 275.1
 200107 184 BIL 10.41  9.21  0.39  0.47  0.08 272.1
 200107 185 BIL  9.66  8.27  0.23  0.55  0.16 289.6
 200107 186 BIL  9.65  7.61  0.00  0.59  0.32 289.4
 200107 187 BIL  9.94  7.89  0.11  0.49  0.29 281.6
 200107 188 BIL 10.14  8.90  0.40  0.44  0.09 276.4
 200107 189 BIL 10.03  7.37  0.05  0.43  0.33 278.6
 200107 190 BIL  9.63  6.38  0.03  0.28  0.40 288.0
 200107 191 BIL  9.97  6.39  0.00  0.32  0.34 279.0
 200107 192 BIL  9.62  7.60  0.09  0.53  0.26 287.1
 200107 193 BIL 10.00  8.56  0.28  0.52  0.12 276.7
 200107 194 BIL 10.12  7.91  0.16  0.49  0.18 273.3
 200107 195 BIL  9.31  7.67  0.17  0.55  0.18 292.4
 200107 196 BIL  8.34  6.92  0.13  0.55  0.26 319.6
 200107 197 BIL  8.28  6.61  0.06  0.57  0.27 320.6
 200107 198 BIL  8.39  6.91  0.07  0.61  0.26 316.4
 200107 199 BIL  8.35  6.61  0.03  0.58  0.29 316.7
 200107 200 BIL  8.43  6.04  0.04  0.39  0.36 313.4
 200107 201 BIL  8.28  6.97  0.28  0.44  0.20 317.3
 200107 202 BIL  8.65  7.87  0.34  0.55  0.11 304.5
 200107 203 BIL  8.66  5.88  0.19  0.27  0.19 303.0
 200107 204 BIL  8.55  6.58  0.06  0.55  0.23 305.3
 200107 206 BIL  8.16  7.40  0.41  0.47  0.10 315.1
 200107 207 BIL  8.20  6.81  0.25  0.49  0.15 312.5
 200107 208 BIL  8.41  7.42  0.31  0.53  0.12 304.4
 200107 209 BIL  8.39  7.67  0.34  0.55  0.12 303.7
 200107 210 BIL  7.69  6.84  0.27  0.54  0.19 325.3
 200107 211 BIL  7.87  5.58  0.06  0.41  0.28 318.1
 200107 212 BIL  7.54  4.50  0.00  0.23  0.36 327.6
 200108 213 BIL  8.45  7.79  0.45  0.47  0.07 296.2
 200108 214 BIL  8.15  7.50  0.40  0.52  0.08 304.0
 200108 215 BIL  8.28  7.52  0.32  0.57  0.11 297.9
 200108 216 BIL  7.58  6.67  0.25  0.56  0.17 319.3
 200108 217 BIL  7.53  6.72  0.35  0.50  0.12 319.3
 200108 218 BIL  7.48  7.11  0.58  0.41  0.01 319.3
 200108 219 BIL  7.43  6.67  0.33  0.54  0.11 319.3
 200108 220 BIL  7.38  6.00  0.18  0.52  0.18 319.3
 200108 221 BIL  7.84  6.72  0.41  0.40  0.08 301.6
 200108 222 BIL  8.03  7.00  0.32  0.50  0.12 293.7
 200108 223 BIL  8.12  7.30  0.37  0.51  0.09 289.1
 200108 224 BIL  7.74  6.70  0.25  0.55  0.15 298.2
 200108 225 BIL  8.13  7.26  0.25  0.59  0.16 284.5
 200108 226 BIL  7.89  6.21  0.04  0.56  0.29 289.6
 200108 227 BIL  7.68  6.55  0.23  0.53  0.18 294.0
 200108 228 BIL  7.93  7.08  0.28  0.57  0.14 284.4
 200108 229 BIL  7.73  7.29  0.56  0.43  0.00 288.4
 200108 230 BIL  7.63  6.99  0.37  0.54  0.09 289.3
 200108 231 BIL  7.06  6.29  0.48  0.36  0.10 306.1
 200108 232 BIL  6.75  5.91  0.34  0.50  0.10 315.5
 200108 233 BIL  7.03  5.55  0.11  0.54  0.21 301.6
 200108 234 BIL  7.42  6.65  0.27  0.58  0.15 286.2
 200108 235 BIL  7.31  6.57  0.35  0.52  0.11 287.3
 200108 236 BIL  7.33  5.87  0.12  0.54  0.22 283.7
 200108 237 BIL  6.80  6.02  0.31  0.53  0.13 299.1
 200108 238 BIL  7.39  6.83  0.42  0.51  0.07 276.3
 200108 239 BIL  7.22  6.73  0.43  0.52  0.06 279.2
 200108 240 BIL  6.95  6.39  0.39  0.53  0.08 285.7
 200108 241 BIL  6.69  5.51  0.20  0.51  0.19 292.3
 200108 242 BIL  6.77  6.27  0.47  0.47  0.05 286.3
 200108 243 BIL  6.87  6.00  0.26  0.55  0.15 279.2
 200109 244 BIL  6.58  5.94  0.31  0.56  0.13 286.9
 200109 245 BIL  6.50  5.54  0.18  0.56  0.22 286.5
 200109 246 BIL  7.18  6.45  0.29  0.56  0.15 260.7
 200109 247 BIL  7.35  6.41  0.20  0.59  0.19 252.0
 200109 248 BIL  7.01  5.49  0.03  0.53  0.34 259.8
 200109 249 BIL  6.04  2.80  0.00  0.10  0.22 290.9
 200109 250 BIL  5.97  3.91  0.00  0.31  0.39 290.4
 200109 251 BIL  5.60  3.59  0.03  0.27  0.36 302.2
 200109 252 BIL  5.40  4.39  0.08  0.56  0.29 308.4
 200109 253 BIL  5.39  4.97  0.42  0.49  0.09 304.5
 200109 254 BIL  5.86  4.97  0.13  0.61  0.22 280.1
 200109 255 BIL  5.91  4.21  0.04  0.43  0.29 274.0
 200109 256 BIL  5.81  3.19  0.09  0.09  0.29 274.2
 200109 257 BIL  5.96  3.20  0.17  0.07  0.16 265.3
 200109 258 BIL  5.85  4.84  0.29  0.43  0.16 265.7
 200109 259 BIL  5.20  4.80  0.45  0.48  0.06 289.8
 200109 260 BIL  4.89  3.99  0.28  0.43  0.15 300.3
 200109 261 BIL  4.98  4.06  0.11  0.57  0.23 291.7
 200109 263 BIL  4.77  3.94  0.24  0.48  0.17 293.8
 200109 264 BIL  4.69  4.16  0.26  0.56  0.17 293.6
 200109 265 BIL  4.83  4.00  0.23  0.48  0.19 282.0
 200109 266 BIL  5.26  4.96  0.53  0.44  0.03 258.1
 200109 267 BIL  5.13  4.88  0.59  0.40  0.01 259.4
 200109 268 BIL  4.76  4.40  0.39  0.56  0.05 272.0
 200109 269 BIL  4.37  3.78  0.32  0.47  0.15 288.2
 200109 270 BIL  4.32  3.80  0.29  0.53  0.15 286.2
 200109 271 BIL  4.35  3.74  0.24  0.54  0.17 279.2
 200109 272 BIL  4.44  3.46  0.22  0.35  0.27 269.9
 200110 274 BIL  4.43  4.24  0.64  0.35  0.01 261.6
 200110 275 BIL  3.83  3.12  0.30  0.40  0.15 291.2
 200110 276 BIL  3.62  2.92  0.28  0.41  0.16 300.6
 200110 277 BIL  3.48  2.39  0.12  0.35  0.21 305.2
 200110 278 BIL  3.32  3.03  0.49  0.40  0.08 312.9
 200110 279 BIL  3.58  3.23  0.58  0.33  0.01 287.4
 200110 280 BIL  3.37  2.64  0.21  0.41  0.21 296.4
 200110 281 BIL  3.53  2.25  0.05  0.30  0.28 279.5
 200110 282 BIL  3.12  2.25  0.13  0.37  0.25 306.0
 200110 283 BIL  3.23  2.85  0.37  0.44  0.15 291.5
 200110 284 BIL  3.08  2.18  0.06  0.38  0.32 298.0
 200110 285 BIL  2.78  2.41  0.18  0.55  0.27 320.5
 200110 286 BIL  3.23  2.47  0.12  0.43  0.29 275.1
 200110 287 BIL  2.60  1.45  0.00  0.22  0.28 326.9
 200110 288 BIL  2.78  2.59  0.53  0.39  0.07 301.4
 200110 289 BIL  3.03  2.57  0.27  0.46  0.20 274.1
 200110 290 BIL  2.69  1.96  0.09  0.40  0.29 298.0
 200110 291 BIL  2.51  2.08  0.08  0.57  0.31 310.7
 200110 292 BIL  2.67  2.02  0.00  0.50  0.36 288.2
 200110 293 BIL  2.44  2.04  0.28  0.44  0.19 306.9
 200110 294 BIL  2.54  2.01  0.20  0.45  0.19 290.0
 200110 295 BIL  2.44  1.95  0.08  0.53  0.30 295.3
 200110 296 BIL  2.40  1.77  0.00  0.47  0.36 293.1
 200110 297 BIL  2.21  1.65  0.09  0.41  0.32 309.5
 200110 298 BIL  2.15  1.67  0.07  0.51  0.29 311.1
 200110 299 BIL  2.39  1.98  0.24  0.47  0.19 276.1
 200110 300 BIL  2.28  1.95  0.16  0.56  0.26 281.7
 200110 301 BIL  2.19  1.48  0.00  0.41  0.30 286.3
 200110 302 BIL  2.47  1.70  0.02  0.41  0.30 252.1
 200110 303 BIL  2.33  1.60  0.00  0.40  0.34 260.4
 200110 304 BIL  2.11  1.58  0.20  0.32  0.28 279.9
 200111 305 BIL  2.17  1.75  0.08  0.53  0.31 267.4
 200111 306 BIL  2.12  1.82  0.26  0.49  0.20 267.8
 200111 307 BIL  2.00  1.79  0.51  0.37  0.05 275.5
 200111 308 BIL  2.15  2.03  0.62  0.34  0.03 253.5
 200111 309 BIL  1.83  1.58  0.26  0.49  0.21 286.9
 200111 310 BIL  1.74  1.15  0.00  0.40  0.28 293.9
 200111 311 BIL  1.69  1.35  0.26  0.40  0.19 296.0
 200111 312 BIL  1.75  1.65  0.57  0.37  0.06 281.3
 200111 313 BIL  1.71  1.60  0.53  0.38  0.10 281.6
 200111 314 BIL  1.68  1.57  0.52  0.40  0.09 282.2
 200111 315 BIL  1.78  1.59  0.46  0.39  0.10 263.2
 200111 316 BIL  1.57  1.39  0.34  0.47  0.16 289.8
 200111 317 BIL  1.44  1.24  0.25  0.51  0.20 307.4
 200111 318 BIL  1.46  1.24  0.20  0.50  0.26 297.0
 200111 319 BIL  1.53  1.36  0.30  0.51  0.19 279.6
 200111 320 BIL  1.53  1.30  0.26  0.47  0.20 273.3
 200111 321 BIL  1.62  1.33  0.30  0.43  0.13 255.0
 200111 322 BIL  1.50  1.25  0.52  0.26  0.04 269.1
 200111 323 BIL  1.47  1.41  0.65  0.34  0.02 270.2
 200111 324 BIL  1.29  1.14  0.28  0.50  0.22 301.8
 200111 325 BIL  1.19  0.83  0.17  0.28  0.26 321.5
 200111 326 BIL  1.17  0.83  0.18  0.30  0.23 320.7
 200111 327 BIL  1.16  0.62  0.02  0.16  0.27 318.6
 200111 328 BIL  1.16  0.90  0.33  0.31  0.15 313.4
 200111 329 BIL  1.09  0.48  0.00  0.05  0.24 328.1
 200111 330 BIL  1.04  0.53  0.04  0.11  0.25 335.8
 200111 331 BIL  1.05  0.88  0.33  0.42  0.13 327.0
 200111 332 BIL  1.01  0.88  0.40  0.41  0.12 336.6
 200111 333 BIL  0.96  0.77  0.02  0.56  0.35 350.8
 200111 334 BIL  0.98  0.80  0.17  0.48  0.26 339.1
 200112 335 BIL  1.15  0.88  0.04  0.48  0.36 288.8
 200112 336 BIL  1.04  0.86  0.10  0.55  0.31 314.5
 200112 337 BIL  1.01  0.78  0.04  0.49  0.35 319.7
 200112 338 BIL  0.98  0.81  0.22  0.46  0.23 325.5
 200112 339 BIL  0.92  0.65  0.05  0.39  0.31 342.5
 200112 340 BIL  0.90  0.54  0.00  0.27  0.33 347.2
 200112 341 BIL  0.91  0.71  0.13  0.45  0.28 336.7
 200112 342 BIL  0.94  0.81  0.12  0.57  0.31 323.7
 200112 343 BIL  0.89  0.67  0.01  0.50  0.34 340.7
 200112 344 BIL  0.87  0.71  0.23  0.47  0.19 349.0
 200112 345 BIL  0.88  0.57  0.08  0.28  0.29 341.9
 200112 346 BIL  0.88  0.74  0.30  0.43  0.19 342.0
 200112 347 BIL  0.85  0.55  0.04  0.28  0.35 348.8
 200112 348 BIL  0.79  0.54  0.00  0.39  0.35 374.6
 200112 349 BIL  0.81  0.69  0.28  0.46  0.20 363.0
 200112 350 BIL  0.96  0.70  0.08  0.37  0.34 304.8
 200112 351 BIL  0.93  0.74  0.06  0.52  0.33 311.7
 200112 352 BIL  0.84  0.75  0.45  0.39  0.10 346.5
 200112 353 BIL  0.87  0.70  0.12  0.50  0.28 334.0
 200112 354 BIL  0.90  0.52  0.00  0.26  0.26 324.5
 200112 355 BIL  0.89  0.57  0.05  0.31  0.27 330.3
 200112 356 BIL  0.89  0.83  0.53  0.38  0.08 328.1
 200112 357 BIL  0.88  0.83  0.57  0.36  0.07 332.3
 200112 358 BIL  0.87  0.80  0.56  0.34  0.05 336.7
 200112 359 BIL  0.89  0.78  0.44  0.38  0.10 330.8
 200112 360 BIL  0.89  0.71  0.29  0.37  0.16 330.9
 200112 361 BIL  0.86  0.80  0.50  0.39  0.11 342.6
 200112 362 BIL  0.87  0.63  0.25  0.30  0.16 341.2
 200112 363 BIL  0.85  0.74  0.44  0.37  0.09 347.7
 200112 364 BIL  0.89  0.83  0.62  0.33  0.01 332.3
 200112 365 BIL  0.85  0.75  0.64  0.24  0.00 349.7
