 BIS 20030101  0.78  0.31  0.06  0.00  0.10 347.6
 BIS 20030102  0.79  0.67  0.40  0.32  0.17 344.4
 BIS 20030103  0.79  0.54  0.01  0.41  0.29 350.2
 BIS 20030104  0.69  0.52  0.33  0.27  0.15 407.9
 BIS 20030105  0.76  0.51  0.25  0.25  0.11 372.4
 BIS 20030106  0.79  0.65  0.48  0.27  0.07 360.7
 BIS 20030107  0.95  0.90  0.65  0.31  0.03 302.6
 BIS 20030108  1.05  0.93  0.46  0.37  0.11 280.2
 BIS 20030109  0.84  0.56  0.04  0.37  0.27 352.8
 BIS 20030110  0.82  0.76  0.63  0.25  0.09 363.7
 BIS 20030111  0.75  0.71  0.74  0.21  0.02 405.9
 BIS 20030112  0.83  0.69  0.28  0.40  0.23 370.2
 BIS 20030113  0.91  0.42  0.01  0.13  0.15 342.7
 BIS 20030114  0.88  0.82  0.55  0.37  0.08 361.6
 BIS 20030115  0.88  0.61  0.26  0.24  0.15 366.2
 BIS 20030116  0.86  0.84  0.77  0.21  0.02 379.4
 BIS 20030117  0.95  0.72  0.21  0.33  0.28 352.7
 BIS 20030118  0.94  0.67  0.12  0.38  0.23 361.2
 BIS 20030119  1.03  0.57  0.00  0.24  0.25 335.6
 BIS 20030120  1.12  0.76  0.10  0.32  0.26 312.8
 BIS 20030121  0.99  0.62  0.08  0.25  0.26 358.1
 BIS 20030122  0.87  0.73  0.51  0.22  0.11 416.8
 BIS 20030123  1.10  0.72  0.07  0.31  0.27 336.3
 BIS 20030124  1.06  0.72  0.14  0.31  0.22 357.6
 BIS 20030125  1.06  0.60  0.09  0.18  0.21 366.7
 BIS 20030126  1.09  0.88  0.30  0.34  0.22 362.1
 BIS 20030127  1.24  0.86  0.03  0.44  0.24 324.0
 BIS 20030128  1.14  0.73  0.07  0.32  0.22 361.7
 BIS 20030129  1.02  0.86  0.57  0.22  0.02 410.8
 BIS 20030130  1.17  0.69  0.00  0.27  0.29 365.7
 BIS 20030131  1.13  0.75  0.00  0.39  0.29 385.3
 BIS 20030201  1.16  0.68  0.00  0.27  0.27 384.6
 BIS 20030202  1.10  0.59  0.05  0.19  0.19 416.6
 BIS 20030203  1.07  0.74  0.28  0.21  0.16 438.0
 BIS 20030204  1.03  0.74  0.17  0.33  0.23 468.2
 BIS 20030205  1.00  0.54  0.10  0.14  0.17 493.2
 BIS 20030206  1.06  0.85  0.62  0.12  0.00 475.3
 BIS 20030207  1.26  0.97  0.09  0.43  0.35 406.8
 BIS 20030208  1.16  0.76  0.21  0.22  0.18 450.6
 BIS 20030209  1.14  0.76  0.15  0.29  0.19 466.9
 BIS 20030210  1.24  0.81  0.01  0.34  0.32 437.7
 BIS 20030211  1.32  0.96  0.40  0.19  0.08 422.0
 BIS 20030212  1.34  1.21  0.41  0.40  0.18 424.3
 BIS 20030213  1.49  1.13  0.28  0.36  0.11 391.8
 BIS 20030214  1.66  0.87  0.00  0.23  0.18 362.3
 BIS 20030215  1.78  1.19  0.25  0.19  0.18 346.7
 BIS 20030216  1.75  1.38  0.47  0.20  0.10 359.8
 BIS 20030217  1.68  1.09  0.12  0.28  0.21 380.2
 BIS 20030218  1.66  1.15  0.12  0.35  0.23 394.9
 BIS 20030219  1.67  1.43  0.37  0.38  0.17 400.0
 BIS 20030220  1.66  1.08  0.00  0.36  0.31 411.7
 BIS 20030221  1.75  0.75  0.00  0.06  0.19 400.4
 BIS 20030222  1.59  0.74  0.05  0.08  0.17 448.1
 BIS 20030223  1.56  0.95  0.15  0.17  0.23 467.6
 BIS 20030224  1.65  1.55  0.73  0.20  0.03 453.4
 BIS 20030225  1.83  1.74  0.64  0.33  0.03 418.6
 BIS 20030226  2.06  1.72  0.28  0.42  0.21 381.2
 BIS 20030227  2.09  1.32  0.10  0.25  0.25 384.1
 BIS 20030228  1.95  1.48  0.31  0.29  0.16 419.4
 BIS 20030301  1.94  1.16  0.21  0.16  0.12 428.7
 BIS 20030302  1.99  1.42  0.12  0.34  0.29 426.0
 BIS 20030303  2.03  1.17  0.12  0.16  0.21 429.2
 BIS 20030304  1.97  1.63  0.39  0.34  0.13 451.8
 BIS 20030305  2.00  1.44  0.08  0.39  0.30 452.3
 BIS 20030306  2.09  1.20  0.09  0.20  0.20 443.3
 BIS 20030307  2.11  1.19  0.06  0.21  0.21 448.6
 BIS 20030308  2.06  1.54  0.34  0.23  0.17 468.1
 BIS 20030309  2.17  1.95  0.38  0.42  0.20 453.0
 BIS 20030310  2.35  1.43  0.17  0.19  0.17 429.0
 BIS 20030311  2.54  1.64  0.03  0.33  0.29 405.9
 BIS 20030312  2.62  1.56  0.05  0.26  0.23 400.5
 BIS 20030313  2.92  2.43  0.31  0.43  0.14 370.4
 BIS 20030314  3.09  2.70  0.40  0.40  0.14 359.1
 BIS 20030315  3.32  2.88  0.54  0.28  0.06 342.4
 BIS 20030316  3.15  2.51  0.45  0.26  0.06 365.0
 BIS 20030317  3.14  1.40  0.02  0.11  0.13 372.5
 BIS 20030318  3.46  1.29  0.00  0.04  0.08 347.3
 BIS 20030319  3.41  1.76  0.09  0.15  0.13 358.3
 BIS 20030320  3.15  2.55  0.53  0.17  0.09 390.4
 BIS 20030321  3.29  3.00  0.63  0.28  0.02 381.8
 BIS 20030322  3.33  3.01  0.46  0.37  0.15 383.2
 BIS 20030323  3.73  2.22  0.00  0.27  0.30 352.1
 BIS 20030324  3.36  3.03  0.48  0.33  0.17 393.0
 BIS 20030325  3.25  2.53  0.30  0.29  0.22 411.6
 BIS 20030326  3.45  2.21  0.13  0.23  0.25 395.9
 BIS 20030327  3.40  2.38  0.40  0.11  0.12 407.0
 BIS 20030328  3.19  2.31  0.32  0.20  0.19 438.3
 BIS 20030329  3.30  2.85  0.45  0.33  0.13 430.8
 BIS 20030330  3.78  2.47  0.06  0.28  0.33 386.7
 BIS 20030331  4.21  3.12  0.08  0.40  0.34 356.0
 BIS 20030401  4.11  2.25  0.00  0.20  0.28 368.9
 BIS 20030402  4.23  2.23  0.00  0.18  0.26 364.2
 BIS 20030403  4.09  1.79  0.00  0.02  0.27 380.4
 BIS 20030404  3.64  2.27  0.00  0.32  0.30 427.9
 BIS 20030405  3.63  2.38  0.00  0.33  0.36 433.7
 BIS 20030406  3.73  2.14  0.00  0.24  0.29 428.5
 BIS 20030407  3.83  2.18  0.11  0.16  0.21 423.8
 BIS 20030408  4.13  3.82  0.45  0.47  0.08 401.1
 BIS 20030409  4.36  4.17  0.58  0.43  0.00 387.3
 BIS 20030410  4.48  4.11  0.43  0.46  0.11 382.5
 BIS 20030411  4.54  4.10  0.34  0.50  0.16 381.9
 BIS 20030412  4.74  4.12  0.31  0.48  0.16 372.0
 BIS 20030413  4.87  4.58  0.61  0.33  0.05 367.5
 BIS 20030414  5.16  4.22  0.23  0.47  0.18 352.9
 BIS 20030415  5.31  2.36  0.01  0.09  0.17 347.7
 BIS 20030416  5.41  2.65  0.01  0.14  0.21 346.0
 BIS 20030417  5.19  3.83  0.16  0.40  0.20 362.4
 BIS 20030418  5.69  2.74  0.00  0.15  0.19 338.2
 BIS 20030419  5.36  2.56  0.10  0.05  0.16 358.9
 BIS 20030420  5.72  4.47  0.18  0.38  0.30 342.7
 BIS 20030421  6.06  5.48  0.41  0.43  0.15 329.2
 BIS 20030422  6.02  5.56  0.54  0.39  0.04 334.4
 BIS 20030423  6.12  3.14  0.14  0.07  0.15 332.3
 BIS 20030424  6.37  3.91  0.05  0.27  0.26 323.2
 BIS 20030425  5.95  4.37  0.00  0.46  0.37 345.5
 BIS 20030426  5.82  4.31  0.12  0.41  0.26 355.0
 BIS 20030427  5.87  5.10  0.28  0.50  0.18 355.2
 BIS 20030428  6.04  3.99  0.01  0.32  0.37 348.8
 BIS 20030429  6.02  3.20  0.01  0.17  0.27 352.6
 BIS 20030430  6.00  3.06  0.00  0.17  0.23 356.4
 BIS 20030501  5.87  4.65  0.22  0.38  0.26 366.0
 BIS 20030502  5.58  4.08  0.15  0.30  0.34 384.7
 BIS 20030503  5.66  3.83  0.02  0.36  0.34 382.6
 BIS 20030504  5.56  2.33  0.04  0.01  0.17 390.6
 BIS 20030505  5.49  2.28  0.00  0.03  0.20 397.2
 BIS 20030506  5.32  2.47  0.00  0.07  0.26 410.4
 BIS 20030507  5.57  4.68  0.26  0.46  0.20 397.1
 BIS 20030508  5.85  2.46  0.00  0.03  0.21 382.6
 BIS 20030509  5.69  2.45  0.00  0.02  0.25 394.2
 BIS 20030510  5.54  2.44  0.00  0.03  0.26 405.9
 BIS 20030511  5.78  4.26  0.23  0.33  0.18 393.4
 BIS 20030512  5.74  5.10  0.34  0.47  0.17 397.7
 BIS 20030513  6.02  3.05  0.00  0.13  0.28 383.6
 BIS 20030514  6.12  4.83  0.11  0.44  0.35 379.7
 BIS 20030515  6.82  6.26  0.48  0.43  0.07 347.6
 BIS 20030516  6.80  4.89  0.08  0.37  0.33 350.0
 BIS 20030517  7.20  3.98  0.04  0.20  0.23 335.3
 BIS 20030518  7.52  4.55  0.00  0.25  0.35 324.2
 BIS 20030519  7.03  5.24  0.00  0.47  0.38 344.6
 BIS 20030520  6.10  5.63  0.66  0.22  0.08 390.6
 BIS 20030521  6.31  3.99  0.00  0.27  0.39 381.1
 BIS 20030522  6.69  5.78  0.27  0.49  0.20 364.0
 BIS 20030523  7.01  3.80  0.09  0.15  0.19 350.3
 BIS 20030524  6.67  5.00  0.24  0.32  0.21 366.8
 BIS 20030525  7.31  6.95  0.59  0.40  0.01 340.3
 BIS 20030526  7.44  6.76  0.45  0.40  0.14 336.5
 BIS 20030527  7.43  5.69  0.02  0.49  0.37 337.5
 BIS 20030528  7.44  6.93  0.48  0.46  0.06 338.4
 BIS 20030529  8.57  6.62  0.10  0.48  0.27 300.9
 BIS 20030530  8.08  5.69  0.04  0.41  0.30 317.4
 BIS 20030531  7.81  5.28  0.18  0.27  0.20 327.3
 BIS 20030601  7.73  4.68  0.17  0.16  0.20 330.8
 BIS 20030602  7.42  4.59  0.05  0.23  0.33 343.1
 BIS 20030603  7.24  3.95  0.14  0.09  0.20 350.2
 BIS 20030604  6.95  4.72  0.00  0.33  0.42 363.6
 BIS 20030605  6.90  4.02  0.00  0.15  0.44 366.5
 BIS 20030606  6.95  3.56  0.15  0.03  0.19 364.8
 BIS 20030607  7.23  3.66  0.14  0.06  0.15 353.1
 BIS 20030608  7.28  5.49  0.17  0.38  0.25 351.5
 BIS 20030609  7.33  3.66  0.04  0.10  0.24 350.1
 BIS 20030610  7.36  5.39  0.20  0.33  0.22 349.3
 BIS 20030611  7.38  3.79  0.00  0.15  0.27 348.6
 BIS 20030612  7.44  6.70  0.42  0.44  0.11 346.4
 BIS 20030613  7.54  6.52  0.36  0.42  0.15 343.2
 BIS 20030614  7.58  6.48  0.25  0.46  0.25 341.7
 BIS 20030615  7.69  6.72  0.31  0.48  0.17 337.7
 BIS 20030616  8.37  6.14  0.09  0.41  0.29 314.9
 BIS 20030617  7.99  6.78  0.27  0.44  0.23 327.5
 BIS 20030618  8.06  7.22  0.40  0.42  0.16 324.8
 BIS 20030619  8.08  7.81  0.71  0.28  0.02 324.2
 BIS 20030620  8.24  6.57  0.18  0.43  0.27 319.6
 BIS 20030621  8.15  5.57  0.00  0.40  0.33 322.0
 BIS 20030622  7.45  4.22  0.00  0.22  0.30 347.1
 BIS 20030623  7.67  4.68  0.00  0.26  0.35 338.8
 BIS 20030624  7.84  3.57  0.00  0.05  0.27 332.3
 BIS 20030625  7.56  3.10  0.00  0.00  0.23 342.4
 BIS 20030626  7.20  6.44  0.33  0.48  0.19 356.8
 BIS 20030627  7.53  5.17  0.00  0.35  0.41 343.4
 BIS 20030628  7.46  5.87  0.06  0.48  0.37 345.8
 BIS 20030629  7.34  6.70  0.42  0.46  0.11 349.9
 BIS 20030630  7.98  7.41  0.55  0.38  0.05 326.1
 BIS 20030701  7.98  6.66  0.28  0.44  0.18 325.5
 BIS 20030702  8.38  6.69  0.18  0.46  0.23 312.4
 BIS 20030703  8.68  6.59  0.03  0.51  0.31 302.5
 BIS 20030704  8.03  7.23  0.37  0.47  0.15 322.5
 BIS 20030705  7.87  7.23  0.45  0.45  0.09 327.1
 BIS 20030706  8.49  6.92  0.21  0.46  0.22 306.8
 BIS 20030707  7.97  6.90  0.32  0.46  0.16 322.7
 BIS 20030708  7.80  5.16  0.06  0.30  0.32 328.1
 BIS 20030709  7.83  4.53  0.13  0.16  0.20 326.5
 BIS 20030710  7.64  6.68  0.23  0.51  0.26 333.1
 BIS 20030711  7.42  6.36  0.27  0.45  0.24 340.6
 BIS 20030712  7.81  7.15  0.42  0.46  0.12 325.0
 BIS 20030713  8.38  7.59  0.37  0.48  0.15 305.6
 BIS 20030714  8.24  6.91  0.19  0.48  0.28 309.0
 BIS 20030715  8.02  7.36  0.47  0.44  0.07 315.3
 BIS 20030716  8.24  6.79  0.25  0.45  0.19 307.4
 BIS 20030717  8.27  6.89  0.22  0.48  0.22 305.5
 BIS 20030718  8.31  6.87  0.29  0.43  0.16 303.4
 BIS 20030719  8.09  7.02  0.30  0.48  0.17 309.4
 BIS 20030720  7.91  6.87  0.39  0.40  0.14 314.6
 BIS 20030721  7.90  5.62  0.00  0.42  0.37 313.7
 BIS 20030722  7.79  5.99  0.23  0.37  0.20 315.9
 BIS 20030723  8.22  7.39  0.41  0.45  0.11 300.3
 BIS 20030724  7.90  7.33  0.58  0.35  0.04 309.5
 BIS 20030725  8.24  6.10  0.01  0.50  0.31 297.3
 BIS 20030726  8.03  6.20  0.06  0.49  0.32 302.6
 BIS 20030727  7.89  5.97  0.01  0.48  0.38 306.1
 BIS 20030728  7.76  7.18  0.49  0.43  0.07 309.0
 BIS 20030729  7.50  6.05  0.21  0.44  0.23 316.9
 BIS 20030730  7.15  6.04  0.21  0.47  0.28 328.0
 BIS 20030801  7.19  5.37  0.20  0.34  0.24 322.9
 BIS 20030802  6.96  6.08  0.30  0.45  0.23 330.0
 BIS 20030803  7.58  6.84  0.45  0.43  0.08 305.4
 BIS 20030804  7.82  5.00  0.04  0.27  0.34 295.9
 BIS 20030805  7.31  4.41  0.09  0.20  0.27 311.4
 BIS 20030806  7.01  5.02  0.16  0.34  0.23 320.5
 BIS 20030807  7.32  5.74  0.16  0.45  0.24 307.2
 BIS 20030808  7.23  5.97  0.27  0.43  0.19 308.9
 BIS 20030810  7.00  5.15  0.22  0.32  0.21 313.2
 BIS 20030811  7.28  6.11  0.42  0.37  0.06 300.1
 BIS 20030812  7.29  6.40  0.38  0.44  0.12 297.8
 BIS 20030813  7.22  6.70  0.52  0.40  0.07 298.0
 BIS 20030814  7.18  6.44  0.46  0.41  0.08 297.2
 BIS 20030815  7.20  6.47  0.53  0.36  0.04 294.5
 BIS 20030816  7.39  6.61  0.49  0.39  0.05 286.0
 BIS 20030817  7.56  6.30  0.32  0.42  0.14 278.3
 BIS 20030818  7.16  5.25  0.11  0.40  0.27 289.0
 BIS 20030819  6.94  4.48  0.05  0.27  0.34 294.3
 BIS 20030820  6.95  6.15  0.34  0.47  0.16 291.3
 BIS 20030821  6.94  6.18  0.42  0.41  0.13 289.1
 BIS 20030822  7.26  6.07  0.28  0.45  0.17 275.1
 BIS 20030823  7.06  5.61  0.21  0.44  0.20 279.4
 BIS 20030824  6.83  5.78  0.28  0.46  0.18 284.7
 BIS 20030825  6.57  5.33  0.19  0.47  0.23 291.5
 BIS 20030826  6.58  5.96  0.54  0.33  0.08 288.3
 BIS 20030827  6.60  5.02  0.13  0.44  0.25 284.8
 BIS 20030828  6.27  5.15  0.23  0.44  0.23 294.3
 BIS 20030829  6.04  4.10  0.02  0.37  0.33 300.7
 BIS 20030830  5.58  4.46  0.34  0.33  0.15 317.8
 BIS 20030831  5.85  4.46  0.32  0.29  0.15 301.8
 BIS 20030901  5.94  4.97  0.32  0.39  0.19 294.5
 BIS 20030902  5.90  4.90  0.21  0.46  0.26 293.3
 BIS 20030903  5.58  4.62  0.49  0.27  0.06 303.4
 BIS 20030904  5.94  5.49  0.69  0.20  0.06 284.5
 BIS 20030905  6.05  5.51  0.57  0.32  0.06 276.6
 BIS 20030906  5.86  5.37  0.48  0.42  0.08 281.0
 BIS 20030907  5.68  5.00  0.37  0.45  0.13 285.2
 BIS 20030908  5.69  4.67  0.24  0.45  0.20 281.0
 BIS 20030909  5.44  3.20  0.00  0.23  0.34 288.1
 BIS 20030910  5.30  2.26  0.00  0.02  0.24 290.5
 BIS 20030911  4.74  3.91  0.19  0.48  0.25 315.1
 BIS 20030912  4.82  3.33  0.05  0.37  0.31 306.4
 BIS 20030913  4.31  2.63  0.00  0.24  0.38 332.8
 BIS 20030914  4.23  2.68  0.10  0.19  0.34 333.6
 BIS 20030915  4.70  4.16  0.33  0.49  0.15 300.0
 BIS 20030916  4.64  3.39  0.09  0.42  0.27 298.7
 BIS 20030917  4.56  2.70  0.00  0.20  0.39 298.6
 BIS 20030918  3.98  2.01  0.00  0.12  0.29 330.6
 BIS 20030919  4.13  3.80  0.43  0.46  0.11 315.5
 BIS 20030920  4.08  3.22  0.15  0.45  0.27 314.4
 BIS 20030921  3.90  2.28  0.06  0.17  0.32 321.6
 BIS 20030922  3.74  3.18  0.20  0.49  0.28 328.1
 BIS 20030923  4.13  3.33  0.19  0.47  0.22 296.3
 BIS 20030924  3.77  3.14  0.12  0.51  0.34 315.3
 BIS 20030925  3.84  2.97  0.03  0.52  0.33 305.2
 BIS 20030926  3.70  2.07  0.00  0.18  0.34 309.7
 BIS 20030927  3.52  1.98  0.00  0.17  0.36 317.9
 BIS 20030928  3.70  2.50  0.02  0.37  0.32 298.7
 BIS 20030929  3.42  2.56  0.17  0.37  0.25 314.2
 BIS 20030930  3.23  2.80  0.35  0.43  0.16 324.6
 BIS 20031001  3.31  2.94  0.30  0.51  0.18 312.7
 BIS 20031002  3.45  2.80  0.29  0.38  0.19 295.9
 BIS 20031003  3.67  2.89  0.20  0.39  0.27 275.4
 BIS 20031004  3.47  3.13  0.53  0.29  0.14 283.9
 BIS 20031005  3.39  3.07  0.72  0.18  0.00 284.7
 BIS 20031006  3.32  3.08  0.74  0.19  0.00 283.7
 BIS 20031007  3.14  2.90  0.64  0.25  0.07 292.1
 BIS 20031008  3.07  2.32  0.18  0.38  0.24 291.7
 BIS 20031009  3.19  2.77  0.36  0.41  0.18 277.5
 BIS 20031010  3.39  1.99  0.04  0.27  0.21 258.2
 BIS 20031011  2.86  2.50  0.48  0.29  0.16 293.9
 BIS 20031012  3.04  2.44  0.26  0.41  0.18 273.4
 BIS 20031013  2.75  2.16  0.08  0.48  0.34 292.9
 BIS 20031014  2.65  2.16  0.30  0.36  0.21 295.8
 BIS 20031015  2.50  1.84  0.21  0.33  0.21 305.6
 BIS 20031017  2.56  2.08  0.13  0.48  0.31 286.0
 BIS 20031018  2.61  2.36  0.60  0.25  0.09 275.1
 BIS 20031019  2.70  2.51  0.60  0.31  0.07 262.5
 BIS 20031020  2.61  2.38  0.45  0.40  0.15 265.5
 BIS 20031021  2.75  2.41  0.32  0.44  0.22 247.9
 BIS 20031022  2.66  2.44  0.62  0.25  0.09 249.8
 BIS 20031023  2.65  1.87  0.17  0.33  0.20 245.9
 BIS 20031024  2.25  1.66  0.07  0.39  0.36 278.4
 BIS 20031025  2.13  1.64  0.31  0.33  0.13 285.7
 BIS 20031026  2.02  1.62  0.25  0.36  0.26 293.1
 BIS 20031027  2.15  1.01  0.00  0.13  0.19 271.4
 BIS 20031028  1.76  1.38  0.37  0.27  0.15 318.2
 BIS 20031029  1.84  0.75  0.00  0.09  0.10 298.9
 BIS 20031030  1.79  0.74  0.00  0.06  0.15 300.6
 BIS 20031031  1.66  0.98  0.10  0.24  0.16 315.9
 BIS 20031101  1.71  0.88  0.00  0.22  0.17 302.0
 BIS 20031102  1.69  1.33  0.23  0.41  0.19 298.7
 BIS 20031103  1.93  0.70  0.00  0.00  0.11 259.7
 BIS 20031104  1.61  0.76  0.07  0.08  0.15 299.1
 BIS 20031105  1.52  1.22  0.38  0.27  0.18 308.7
 BIS 20031106  1.37  1.18  0.30  0.43  0.22 332.9
 BIS 20031107  1.57  1.17  0.23  0.33  0.21 286.3
 BIS 20031108  1.52  1.32  0.67  0.17  0.00 289.7
 BIS 20031109  1.49  1.31  0.45  0.38  0.10 289.3
 BIS 20031110  1.37  0.99  0.12  0.39  0.23 306.7
 BIS 20031111  1.25  0.80  0.00  0.34  0.30 328.9
 BIS 20031112  1.17  0.98  0.36  0.35  0.19 346.2
 BIS 20031113  1.22  1.13  0.50  0.38  0.12 323.7
 BIS 20031114  1.37  1.05  0.34  0.29  0.13 283.7
 BIS 20031115  1.35  1.05  0.51  0.17  0.05 282.1
 BIS 20031116  1.25  0.92  0.24  0.31  0.19 297.2
 BIS 20031117  1.09  0.73  0.00  0.38  0.33 330.9
 BIS 20031118  1.03  0.88  0.27  0.42  0.27 346.2
 BIS 20031119  1.20  0.92  0.18  0.42  0.22 294.3
 BIS 20031120  1.18  0.94  0.19  0.44  0.25 294.8
 BIS 20031121  0.98  0.53  0.00  0.23  0.21 345.3
 BIS 20031122  0.93  0.41  0.03  0.08  0.13 359.3
 BIS 20031123  0.89  0.62  0.38  0.17  0.07 368.4
 BIS 20031124  0.99  0.73  0.17  0.36  0.25 326.9
 BIS 20031125  0.91  0.68  0.32  0.28  0.13 349.9
 BIS 20031126  0.82  0.58  0.09  0.37  0.29 381.5
 BIS 20031127  0.79  0.64  0.30  0.35  0.22 387.2
 BIS 20031128  0.87  0.71  0.26  0.40  0.24 348.0
 BIS 20031129  0.91  0.66  0.13  0.40  0.21 327.4
 BIS 20031130  0.92  0.84  0.50  0.35  0.15 322.8
 BIS 20031201  0.93  0.77  0.24  0.44  0.22 313.2
 BIS 20031202  0.94  0.57  0.07  0.27  0.22 307.0
 BIS 20031203  0.93  0.63  0.12  0.36  0.19 308.2
 BIS 20031204  0.84  0.53  0.06  0.29  0.27 337.4
 BIS 20031205  0.84  0.75  0.74  0.13  0.00 329.6
 BIS 20031206  0.86  0.54  0.00  0.33  0.30 317.8
 BIS 20031207  0.79  0.47  0.00  0.29  0.27 347.2
 BIS 20031208  0.77  0.45  0.10  0.22  0.18 352.5
 BIS 20031209  0.74  0.50  0.16  0.32  0.17 366.5
 BIS 20031210  0.81  0.52  0.18  0.19  0.23 327.9
 BIS 20031211  0.78  0.55  0.33  0.19  0.15 342.4
 BIS 20031212  0.77  0.66  0.69  0.12  0.01 342.8
 BIS 20031213  0.79  0.52  0.03  0.38  0.26 334.4
 BIS 20031214  0.79  0.53  0.00  0.35  0.35 330.5
 BIS 20031215  0.76  0.48  0.25  0.17  0.12 343.1
 BIS 20031216  0.76  0.60  0.31  0.34  0.16 341.1
 BIS 20031217  0.77  0.57  0.16  0.32  0.31 333.7
 BIS 20031218  0.70  0.61  0.54  0.28  0.09 370.0
 BIS 20031219  0.77  0.70  0.46  0.36  0.17 335.9
 BIS 20031220  0.79  0.68  0.39  0.38  0.15 327.5
 BIS 20031221  0.80  0.59  0.18  0.37  0.20 325.4
 BIS 20031222  0.75  0.64  0.58  0.21  0.04 343.4
 BIS 20031223  0.77  0.66  0.58  0.22  0.04 337.7
 BIS 20031224  0.77  0.74  0.68  0.28  0.04 336.9
 BIS 20031225  0.80  0.55  0.02  0.40  0.31 325.9
 BIS 20031226  0.82  0.44  0.00  0.21  0.22 316.3
 BIS 20031227  0.81  0.34  0.00  0.07  0.15 324.0
 BIS 20031228  0.75  0.31  0.00  0.04  0.19 347.6
 BIS 20031229  0.73  0.47  0.21  0.21  0.14 356.9
 BIS 20031230  0.74  0.33  0.00  0.11  0.17 350.8
 BIS 20031231  0.75  0.60  0.22  0.42  0.22 351.3
