 200101   1 BIS  0.78  0.69  0.73  0.13  0.01 345.0
 200101   2 BIS  0.79  0.60  0.32  0.26  0.19 344.1
 200101   3 BIS  0.85  0.63  0.19  0.35  0.23 322.5
 200101   4 BIS  0.81  0.67  0.25  0.45  0.20 344.1
 200101   5 BIS  0.92  0.68  0.08  0.45  0.27 306.6
 200101   6 BIS  0.74  0.58  0.16  0.38  0.35 389.3
 200101   7 BIS  0.86  0.62  0.36  0.20  0.11 333.4
 200101   8 BIS  0.81  0.73  0.59  0.28  0.06 358.7
 200101   9 BIS  0.84  0.80  0.65  0.30  0.05 349.7
 200101  10 BIS  0.90  0.68  0.19  0.38  0.22 332.5
 200101  11 BIS  0.99  0.70  0.29  0.28  0.09 305.2
 200101  12 BIS  0.99  0.74  0.19  0.37  0.22 308.7
 200101  13 BIS  0.87  0.40  0.00  0.12  0.18 359.8
 200101  14 BIS  0.84  0.39  0.09  0.04  0.16 378.5
 200101  15 BIS  0.85  0.46  0.09  0.15  0.20 381.5
 200101  16 BIS  0.86  0.60  0.28  0.26  0.12 384.4
 200101  17 BIS  0.92  0.67  0.09  0.39  0.32 364.4
 200101  18 BIS  0.88  0.67  0.38  0.28  0.07 384.7
 200101  19 BIS  0.88  0.82  0.62  0.30  0.05 392.4
 200101  21 BIS  1.15  0.99  0.45  0.36  0.08 310.5
 200101  22 BIS  1.17  0.84  0.20  0.33  0.18 310.8
 200101  23 BIS  1.04  0.95  0.49  0.37  0.12 355.4
 200101  24 BIS  1.03  0.96  0.73  0.21  0.00 366.3
 200101  25 BIS  1.03  0.83  0.40  0.27  0.15 376.8
 200101  26 BIS  0.97  0.78  0.43  0.29  0.06 406.2
 200101  27 BIS  1.03  0.94  0.64  0.22  0.08 391.1
 200101  28 BIS  1.13  1.08  0.67  0.30  0.03 362.1
 200101  29 BIS  1.21  1.07  0.56  0.28  0.06 345.4
 200101  30 BIS  1.15  0.70  0.06  0.27  0.23 371.6
 200101  31 BIS  1.15  0.80  0.14  0.33  0.23 378.0
 200102  32 BIS  1.10  0.96  0.51  0.30  0.10 404.8
 200102  33 BIS  1.15  0.80  0.11  0.36  0.24 395.9
 200102  34 BIS  1.17  0.88  0.16  0.35  0.31 399.1
 200102  35 BIS  1.35  1.11  0.42  0.25  0.18 353.2
 200102  36 BIS  1.26  0.63  0.00  0.16  0.23 388.8
 200102  37 BIS  1.19  0.77  0.18  0.23  0.19 418.3
 200102  38 BIS  1.24  0.46  0.00  0.01  0.12 412.9
 200102  39 BIS  1.36  0.55  0.00  0.04  0.15 382.7
 200102  40 BIS  1.38  1.12  0.52  0.18  0.10 386.4
 200102  41 BIS  1.38  0.86  0.11  0.26  0.20 393.5
 200102  42 BIS  1.48  0.70  0.00  0.15  0.18 376.2
 200102  43 BIS  1.45  0.96  0.14  0.31  0.17 393.5
 200102  44 BIS  1.45  0.99  0.07  0.37  0.26 403.8
 200102  45 BIS  1.41  1.33  0.63  0.32  0.03 423.1
 200102  46 BIS  1.41  0.79  0.00  0.23  0.27 432.4
 200102  47 BIS  1.59  1.30  0.27  0.40  0.21 393.9
 200102  48 BIS  1.69  1.46  0.51  0.27  0.12 379.4
 200102  49 BIS  1.71  1.40  0.21  0.45  0.25 383.4
 200102  50 BIS  1.76  1.30  0.21  0.36  0.18 380.6
 200102  51 BIS  1.77  1.69  0.70  0.25  0.05 384.8
 200102  52 BIS  1.90  1.37  0.26  0.27  0.18 368.5
 200102  53 BIS  1.89  1.68  0.47  0.35  0.12 379.0
 200102  54 BIS  1.77  0.95  0.00  0.20  0.25 413.6
 200102  55 BIS  1.92  0.78  0.00  0.04  0.16 391.1
 200102  56 BIS  2.12  1.55  0.28  0.31  0.12 364.8
 200102  57 BIS  2.13  1.66  0.33  0.28  0.19 369.8
 200102  58 BIS  2.21  2.15  0.81  0.19  0.00 365.3
 200102  59 BIS  2.16  2.00  0.50  0.35  0.16 379.5
 200103  60 BIS  2.10  1.75  0.34  0.37  0.17 397.3
 200103  61 BIS  2.27  2.11  0.60  0.31  0.06 376.1
 200103  62 BIS  2.14  1.70  0.41  0.27  0.11 406.6
 200103  63 BIS  2.59  1.91  0.35  0.24  0.11 347.8
 200103  64 BIS  3.06  2.41  0.44  0.24  0.09 306.7
 200103  65 BIS  2.61  1.79  0.11  0.34  0.24 360.0
 200103  66 BIS  2.49  2.22  0.47  0.35  0.13 383.7
 200103  67 BIS  2.52  2.26  0.58  0.29  0.05 387.0
 200103  68 BIS  2.42  1.88  0.38  0.25  0.14 408.5
 200103  69 BIS  2.47  2.01  0.48  0.24  0.08 408.4
 200103  70 BIS  2.55  1.77  0.14  0.32  0.24 404.1
 200103  71 BIS  2.67  1.95  0.14  0.39  0.23 394.1
 200103  72 BIS  2.79  2.23  0.16  0.42  0.32 386.4
 200103  73 BIS  2.72  1.40  0.00  0.18  0.23 402.9
 200103  74 BIS  2.81  1.93  0.12  0.33  0.24 397.9
 200103  75 BIS  2.77  2.33  0.55  0.23  0.05 411.2
 200103  76 BIS  2.62  2.44  0.76  0.18  0.00 440.7
 200103  77 BIS  2.81  1.99  0.19  0.30  0.22 419.0
 200103  78 BIS  2.98  2.44  0.33  0.35  0.19 404.1
 200103  79 BIS  3.04  2.82  0.54  0.35  0.11 403.6
 200103  80 BIS  3.47  2.98  0.46  0.31  0.13 364.3
 200103  81 BIS  3.20  2.39  0.24  0.33  0.19 397.9
 200103  82 BIS  3.37  2.61  0.34  0.30  0.13 385.8
 200103  83 BIS  3.24  3.01  0.57  0.34  0.07 406.1
 200103  84 BIS  3.37  3.09  0.63  0.29  0.02 398.1
 200103  85 BIS  3.36  3.07  0.73  0.18  0.00 405.1
 200103  86 BIS  3.37  1.95  0.00  0.26  0.27 410.5
 200103  87 BIS  3.73  2.73  0.27  0.27  0.19 380.3
 200103  88 BIS  3.83  2.81  0.12  0.38  0.28 376.4
 200103  89 BIS  3.75  2.06  0.06  0.16  0.24 389.1
 200103  90 BIS  3.70  2.77  0.29  0.26  0.21 399.5
 200104  91 BIS  3.77  2.65  0.08  0.39  0.26 397.8
 200104  92 BIS  3.68  2.54  0.07  0.39  0.25 413.0
 200104  93 BIS  4.46  2.56  0.00  0.21  0.33 352.7
 200104  94 BIS  5.04  2.36  0.00  0.08  0.26 321.4
 200104  95 BIS  4.72  2.44  0.00  0.14  0.29 344.4
 200104  96 BIS  4.45  2.35  0.00  0.16  0.29 366.7
 200104  97 BIS  4.07  1.89  0.02  0.07  0.23 401.3
 200104  98 BIS  4.69  2.39  0.00  0.13  0.29 359.3
 200104  99 BIS  4.38  2.25  0.00  0.14  0.28 385.4
 200104 100 BIS  4.17  2.37  0.00  0.18  0.36 407.8
 200104 101 BIS  4.20  1.91  0.00  0.06  0.25 409.4
 200104 102 BIS  4.16  3.14  0.37  0.26  0.09 417.3
 200104 103 BIS  4.31  2.18  0.00  0.13  0.28 408.7
 200104 104 BIS  4.25  3.26  0.03  0.51  0.33 418.7
 200104 105 BIS  3.94  2.55  0.00  0.31  0.37 451.7
 200104 106 BIS  4.02  3.03  0.08  0.40  0.37 448.4
 200104 107 BIS  4.63  4.40  0.67  0.27  0.06 399.7
 200104 108 BIS  4.42  3.49  0.12  0.50  0.25 421.0
 200104 109 BIS  4.83  2.70  0.00  0.20  0.31 393.1
 200104 110 BIS  5.36  3.31  0.00  0.30  0.31 362.5
 200104 111 BIS  5.39  2.39  0.00  0.05  0.24 364.4
 200104 112 BIS  5.63  2.77  0.00  0.14  0.23 353.5
 200104 113 BIS  5.40  4.96  0.44  0.44  0.12 369.5
 200104 114 BIS  5.47  4.28  0.06  0.51  0.32 368.7
 200104 115 BIS  5.59  5.20  0.47  0.46  0.07 364.5
 200104 116 BIS  5.59  5.15  0.43  0.48  0.09 367.6
 200104 117 BIS  6.43  5.72  0.39  0.45  0.12 328.5
 200104 118 BIS  6.45  5.94  0.41  0.48  0.12 330.3
 200104 119 BIS  6.25  4.53  0.00  0.47  0.33 341.8
 200104 120 BIS  5.98  5.06  0.21  0.50  0.24 357.7
 200105 121 BIS  5.68  4.83  0.34  0.37  0.22 376.5
 200105 122 BIS  5.27  3.62  0.00  0.37  0.38 403.8
 200105 123 BIS  5.87  3.72  0.00  0.28  0.38 370.7
 200105 124 BIS  6.33  5.22  0.29  0.41  0.18 349.3
 200105 125 BIS  6.06  3.81  0.10  0.24  0.26 365.2
 200105 126 BIS  5.76  3.19  0.00  0.19  0.31 383.3
 200105 127 BIS  6.20  3.59  0.06  0.18  0.29 362.5
 200105 128 BIS  5.98  5.46  0.41  0.46  0.13 375.5
 200105 129 BIS  5.38  4.37  0.14  0.51  0.26 414.1
 200105 130 BIS  5.69  3.02  0.00  0.18  0.27 396.3
 200105 131 BIS  6.10  4.71  0.12  0.42  0.32 375.4
 200105 132 BIS  6.25  5.43  0.27  0.51  0.18 369.7
 200105 133 BIS  6.54  5.65  0.33  0.47  0.13 357.5
 200105 134 BIS  7.54  6.24  0.15  0.53  0.25 318.2
 200105 135 BIS  6.89  4.80  0.00  0.43  0.32 346.0
 200105 136 BIS  6.64  5.84  0.35  0.45  0.16 359.1
 200105 137 BIS  6.64  5.84  0.35  0.45  0.16 359.1
 200105 138 BIS  6.81  5.35  0.09  0.50  0.29 352.8
 200105 139 BIS  6.71  5.95  0.38  0.45  0.13 358.8
 200105 140 BIS  6.28  5.16  0.10  0.55  0.29 381.3
 200105 141 BIS  5.81  3.52  0.07  0.20  0.31 409.2
 200105 142 BIS  6.25  5.27  0.21  0.46  0.29 385.4
 200105 143 BIS  5.96  4.68  0.06  0.48  0.37 402.5
 200105 144 BIS  6.55  4.27  0.00  0.31  0.38 372.3
 200105 145 BIS  7.03  6.13  0.25  0.49  0.25 351.3
 200105 146 BIS  6.93  5.83  0.21  0.49  0.24 356.7
 200105 147 BIS  6.85  5.63  0.29  0.40  0.19 361.6
 200105 148 BIS  6.97  6.08  0.38  0.41  0.15 357.3
 200105 149 BIS  7.26  5.03  0.21  0.25  0.22 346.1
 200105 150 BIS  7.27  5.94  0.36  0.34  0.15 346.7
 200105 151 BIS  7.32  5.72  0.14  0.42  0.31 345.5
 200106 152 BIS  6.40  5.01  0.07  0.47  0.36 388.2
 200106 153 BIS  6.45  5.41  0.29  0.45  0.16 385.8
 200106 154 BIS  7.02  3.75  0.04  0.16  0.24 359.9
 200106 155 BIS  7.61  3.35  0.00  0.08  0.19 336.8
 200106 156 BIS  7.63  3.99  0.02  0.15  0.26 336.7
 200106 157 BIS  7.62  4.89  0.00  0.30  0.37 337.4
 200106 158 BIS  7.68  6.74  0.32  0.46  0.19 335.6
 200106 159 BIS  7.76  6.41  0.18  0.50  0.24 333.3
 200106 160 BIS  7.94  6.04  0.10  0.46  0.27 327.4
 200106 161 BIS  7.73  7.14  0.45  0.46  0.09 335.6
 200106 162 BIS  8.17  6.18  0.05  0.49  0.30 320.4
 200106 163 BIS  7.83  4.95  0.00  0.34  0.29 332.2
 200106 164 BIS  7.42  3.70  0.00  0.08  0.33 347.4
 200106 165 BIS  7.93  3.58  0.00  0.05  0.26 328.7
 200106 166 BIS  7.76  5.97  0.02  0.49  0.38 335.4
 200106 167 BIS  7.86  6.52  0.18  0.47  0.29 331.7
 200106 168 BIS  7.26  4.88  0.13  0.28  0.26 354.9
 200106 169 BIS  7.17  4.49  0.00  0.26  0.39 359.0
 200106 170 BIS  7.54  6.42  0.27  0.46  0.21 343.9
 200106 171 BIS  7.29  6.01  0.12  0.49  0.35 354.2
 200106 172 BIS  7.64  7.05  0.47  0.42  0.11 340.4
 200106 173 BIS  7.35  6.79  0.45  0.46  0.09 350.9
 200106 174 BIS  7.84  6.89  0.35  0.47  0.13 332.6
 200106 175 BIS  8.77  7.50  0.37  0.42  0.11 302.4
 200106 176 BIS  8.84  6.78  0.15  0.44  0.23 300.0
 200106 177 BIS  9.45  8.26  0.30  0.50  0.16 284.2
 200106 178 BIS  9.44  6.37  0.11  0.30  0.27 284.3
 200106 179 BIS  9.65  7.71  0.19  0.45  0.23 278.8
 200106 180 BIS  9.14  7.08  0.15  0.44  0.25 291.7
 200106 181 BIS  8.64  5.47  0.00  0.30  0.35 305.4
 200107 182 BIS  9.16  6.47  0.17  0.32  0.22 290.7
 200107 183 BIS  9.72  8.12  0.25  0.47  0.19 276.2
 200107 184 BIS  9.09  7.97  0.30  0.49  0.18 291.4
 200107 185 BIS  8.74  8.11  0.47  0.45  0.08 300.3
 200107 186 BIS  8.52  7.25  0.32  0.45  0.14 306.4
 200107 187 BIS  8.81  7.13  0.22  0.46  0.19 297.5
 200107 188 BIS  9.21  8.37  0.41  0.46  0.12 286.5
 200107 189 BIS  9.29  7.97  0.27  0.50  0.17 284.0
 200107 190 BIS  8.90  7.49  0.27  0.47  0.17 293.6
 200107 191 BIS  8.92  6.29  0.24  0.30  0.13 292.7
 200107 192 BIS  8.89  4.89  0.11  0.14  0.19 292.6
 200107 193 BIS  9.44  6.94  0.12  0.35  0.33 277.2
 200107 194 BIS  9.91  7.75  0.06  0.48  0.36 266.0
 200107 195 BIS  9.03  7.15  0.14  0.48  0.25 286.6
 200107 196 BIS  8.47  6.32  0.03  0.48  0.32 300.9
 200107 197 BIS  8.49  7.40  0.34  0.45  0.16 299.6
 200107 198 BIS  8.62  7.44  0.32  0.45  0.17 295.2
 200107 199 BIS  8.27  6.64  0.26  0.41  0.18 304.5
 200107 200 BIS  8.26  6.50  0.21  0.42  0.21 304.0
 200107 201 BIS  8.09  6.45  0.21  0.43  0.22 308.8
 200107 202 BIS  8.52  7.03  0.32  0.40  0.15 294.4
 200107 203 BIS  8.62  6.65  0.15  0.44  0.24 290.4
 200107 204 BIS  8.40  6.54  0.08  0.50  0.29 295.3
 200107 206 BIS  7.96  5.52  0.05  0.36  0.33 306.3
 200107 207 BIS  8.30  4.98  0.00  0.25  0.34 294.5
 200107 208 BIS  8.35  5.15  0.00  0.30  0.31 292.0
 200107 209 BIS  8.32  7.24  0.30  0.48  0.18 291.7
 200107 210 BIS  7.95  6.97  0.44  0.37  0.12 301.3
 200107 211 BIS  7.56  5.76  0.15  0.43  0.23 313.1
 200107 212 BIS  7.81  4.58  0.00  0.24  0.32 302.8
 200108 213 BIS  8.34  7.21  0.36  0.42  0.15 285.4
 200108 214 BIS  7.52  6.00  0.23  0.42  0.20 309.3
 200108 215 BIS  7.58  7.04  0.48  0.44  0.08 305.4
 200108 216 BIS  7.13  6.22  0.34  0.47  0.13 319.6
 200108 217 BIS  7.08  5.99  0.33  0.43  0.14 319.6
 200108 218 BIS  7.03  6.65  0.55  0.43  0.02 319.6
 200108 219 BIS  6.99  5.99  0.33  0.45  0.14 319.6
 200108 220 BIS  6.94  5.30  0.14  0.44  0.24 319.6
 200108 221 BIS  7.35  5.51  0.28  0.28  0.20 302.4
 200108 222 BIS  7.50  6.26  0.35  0.38  0.15 295.4
 200108 223 BIS  6.97  6.50  0.50  0.43  0.07 311.9
 200108 224 BIS  6.97  5.28  0.16  0.39  0.26 309.7
 200108 225 BIS  7.34  6.68  0.45  0.43  0.10 294.3
 200108 226 BIS  7.01  5.23  0.11  0.43  0.26 303.2
 200108 227 BIS  6.70  4.97  0.18  0.34  0.26 312.9
 200108 228 BIS  6.89  6.01  0.39  0.40  0.15 303.2
 200108 229 BIS  7.14  5.85  0.23  0.41  0.27 292.2
 200108 230 BIS  6.94  5.72  0.54  0.24  0.01 296.5
 200108 231 BIS  6.76  5.42  0.23  0.42  0.21 300.5
 200108 232 BIS  6.41  5.21  0.25  0.43  0.19 311.9
 200108 233 BIS  6.59  5.49  0.29  0.44  0.16 301.5
 200108 234 BIS  7.07  6.29  0.45  0.40  0.09 281.7
 200108 235 BIS  7.17  5.90  0.25  0.44  0.20 275.7
 200108 236 BIS  6.64  5.02  0.16  0.41  0.23 291.5
 200108 237 BIS  6.41  5.98  0.57  0.35  0.07 297.1
 200108 238 BIS  6.72  5.83  0.33  0.46  0.15 283.1
 200108 239 BIS  6.41  5.70  0.38  0.46  0.12 291.6
 200108 240 BIS  6.58  5.86  0.43  0.41  0.11 282.4
 200108 241 BIS  6.25  4.83  0.16  0.43  0.24 291.9
 200108 242 BIS  6.31  5.08  0.34  0.34  0.15 286.5
 200108 243 BIS  6.45  5.47  0.35  0.41  0.14 277.7
 200109 244 BIS  6.15  5.63  0.48  0.42  0.08 286.5
 200109 245 BIS  5.95  5.44  0.54  0.36  0.06 291.0
 200109 246 BIS  6.23  5.44  0.27  0.51  0.19 276.1
 200109 247 BIS  6.84  6.26  0.51  0.41  0.04 252.3
 200109 248 BIS  6.70  5.65  0.31  0.45  0.14 253.8
 200109 249 BIS  5.91  2.74  0.00  0.07  0.26 278.5
 200109 250 BIS  5.33  3.13  0.00  0.20  0.38 300.1
 200109 251 BIS  5.41  3.13  0.00  0.19  0.37 293.0
 200109 252 BIS  5.33  4.36  0.18  0.48  0.25 293.0
 200109 253 BIS  5.02  4.34  0.28  0.50  0.17 304.2
 200109 254 BIS  5.00  3.97  0.16  0.46  0.25 300.8
 200109 255 BIS  4.91  3.31  0.00  0.37  0.35 301.4
 200109 256 BIS  5.29  3.49  0.16  0.25  0.22 278.8
 200109 257 BIS  5.16  2.15  0.02  0.01  0.20 281.2
 200109 258 BIS  5.15  3.07  0.08  0.17  0.31 277.2
 200109 259 BIS  4.85  2.90  0.04  0.22  0.31 287.9
 200109 260 BIS  4.54  2.92  0.06  0.28  0.30 299.4
 200109 261 BIS  4.60  3.06  0.01  0.35  0.34 292.3
 200109 263 BIS  4.35  3.03  0.06  0.36  0.32 297.1
 200109 264 BIS  4.23  3.40  0.10  0.51  0.30 299.2
 200109 265 BIS  4.18  2.57  0.02  0.27  0.31 297.5
 200109 266 BIS  4.39  3.67  0.55  0.23  0.04 281.3
 200109 267 BIS  4.89  4.15  0.44  0.37  0.05 252.1
 200109 268 BIS  4.36  4.13  0.61  0.35  0.04 273.1
 200109 269 BIS  4.17  3.90  0.61  0.32  0.05 279.0
 200109 270 BIS  4.08  3.59  0.37  0.45  0.13 279.5
 200109 271 BIS  4.03  3.74  0.55  0.40  0.02 276.9
 200109 272 BIS  3.96  2.73  0.11  0.36  0.22 276.5
 200110 274 BIS  3.99  3.61  0.50  0.41  0.03 266.1
 200110 275 BIS  3.34  2.37  0.21  0.31  0.18 304.9
 200110 276 BIS  3.25  2.54  0.18  0.43  0.23 306.6
 200110 277 BIS  3.14  2.44  0.24  0.36  0.22 309.9
 200110 278 BIS  2.76  2.18  0.32  0.31  0.19 340.8
 200110 279 BIS  2.96  2.57  0.62  0.19  0.06 314.3
 200110 280 BIS  2.87  2.21  0.28  0.34  0.16 316.0
 200110 281 BIS  3.02  2.42  0.27  0.38  0.20 295.9
 200110 282 BIS  3.01  1.96  0.10  0.28  0.26 291.8
 200110 283 BIS  2.95  2.31  0.29  0.33  0.20 291.8
 200110 284 BIS  2.81  2.00  0.05  0.40  0.32 298.3
 200110 285 BIS  2.65  1.45  0.21  0.10  0.08 308.6
 200110 286 BIS  2.68  1.90  0.10  0.34  0.31 299.0
 200110 287 BIS  2.34  1.61  0.11  0.32  0.27 330.5
 200110 288 BIS  2.28  1.84  0.29  0.35  0.22 331.6
 200110 289 BIS  2.34  2.10  0.50  0.35  0.10 317.9
 200110 290 BIS  2.43  1.63  0.09  0.34  0.24 299.6
 200110 291 BIS  2.14  1.89  0.45  0.31  0.21 329.2
 200110 292 BIS  2.34  1.80  0.19  0.33  0.32 297.0
 200110 293 BIS  2.18  1.68  0.17  0.39  0.28 311.3
 200110 294 BIS  2.09  1.60  0.20  0.38  0.23 317.2
 200110 295 BIS  2.11  1.18  0.00  0.24  0.25 308.1
 200110 296 BIS  2.04  1.01  0.05  0.12  0.18 310.6
 200110 297 BIS  1.98  1.04  0.13  0.09  0.16 312.0
 200110 298 BIS  1.84  1.58  0.47  0.27  0.17 327.3
 200110 299 BIS  1.99  1.83  0.67  0.22  0.06 297.2
 200110 300 BIS  1.96  1.67  0.58  0.21  0.05 294.6
 200110 301 BIS  1.95  1.35  0.11  0.33  0.26 288.9
 200110 302 BIS  2.24  1.32  0.01  0.27  0.27 250.6
 200110 303 BIS  2.14  1.18  0.00  0.26  0.20 255.8
 200110 304 BIS  1.86  1.16  0.00  0.32  0.30 284.5
 200111 305 BIS  1.87  1.65  0.37  0.37  0.25 278.3
 200111 306 BIS  2.03  1.85  0.57  0.28  0.12 252.5
 200111 307 BIS  1.80  1.59  0.55  0.26  0.11 275.2
 200111 308 BIS  1.78  1.64  0.63  0.29  0.03 272.5
 200111 309 BIS  1.69  1.57  0.63  0.29  0.04 279.1
 200111 310 BIS  1.60  1.20  0.24  0.33  0.20 287.7
 200111 311 BIS  1.55  0.95  0.00  0.31  0.28 288.7
 200111 312 BIS  1.46  1.37  0.59  0.34  0.07 300.0
 200111 313 BIS  1.48  1.36  0.43  0.44  0.13 290.7
 200111 314 BIS  1.41  1.30  0.66  0.26  0.03 299.1
 200111 315 BIS  1.57  1.34  0.60  0.20  0.03 265.5
 200111 316 BIS  1.41  1.21  0.57  0.25  0.03 288.4
 200111 317 BIS  1.34  1.19  0.58  0.25  0.08 295.5
 200111 318 BIS  1.36  1.15  0.45  0.31  0.11 285.6
 200111 319 BIS  1.35  1.00  0.21  0.37  0.18 283.3
 200111 320 BIS  1.35  1.19  0.45  0.37  0.10 275.3
 200111 321 BIS  1.45  1.09  0.39  0.21  0.13 254.2
 200111 322 BIS  1.28  1.02  0.26  0.39  0.19 281.2
 200111 323 BIS  1.16  1.11  0.68  0.30  0.02 302.5
 200111 324 BIS  1.20  1.04  0.41  0.36  0.15 288.7
 200111 325 BIS  1.05  0.75  0.14  0.39  0.19 321.9
 200111 326 BIS  1.08  0.61  0.19  0.13  0.10 309.8
 200111 327 BIS  1.05  0.50  0.03  0.12  0.17 311.9
 200111 328 BIS  1.07  0.47  0.02  0.07  0.17 301.3
 200111 329 BIS  1.03  0.51  0.00  0.16  0.21 309.3
 200111 330 BIS  0.99  0.36  0.00  0.00  0.12 315.7
 200111 331 BIS  0.94  0.38  0.06  0.00  0.12 324.0
 200111 332 BIS  0.95  0.53  0.29  0.04  0.07 319.8
 200111 333 BIS  0.91  0.53  0.03  0.25  0.26 330.2
 200111 334 BIS  0.88  0.34  0.00  0.01  0.16 335.1
 200112 335 BIS  0.93  0.71  0.16  0.39  0.27 313.7
 200112 336 BIS  1.03  0.88  0.40  0.32  0.20 281.7
 200112 337 BIS  0.90  0.63  0.11  0.36  0.24 318.1
 200112 338 BIS  0.90  0.63  0.05  0.45  0.23 314.7
 200112 339 BIS  0.93  0.64  0.27  0.26  0.09 299.7
 200112 340 BIS  0.79  0.57  0.15  0.34  0.27 349.9
 200112 341 BIS  0.81  0.54  0.13  0.30  0.23 337.8
 200112 342 BIS  0.79  0.59  0.21  0.35  0.22 344.7
 200112 343 BIS  0.80  0.65  0.15  0.47  0.29 337.3
 200112 344 BIS  0.75  0.64  0.45  0.32  0.11 358.4
 200112 345 BIS  0.82  0.39  0.00  0.14  0.18 322.9
 200112 346 BIS  0.79  0.46  0.10  0.20  0.20 334.8
 200112 347 BIS  0.74  0.51  0.07  0.32  0.32 354.3
 200112 348 BIS  0.71  0.49  0.06  0.36  0.30 372.5
 200112 349 BIS  0.72  0.47  0.08  0.29  0.28 361.6
 200112 350 BIS  0.79  0.64  0.31  0.34  0.20 327.6
 200112 351 BIS  0.88  0.61  0.00  0.43  0.31 294.1
 200112 352 BIS  0.72  0.68  0.63  0.33  0.04 361.8
 200112 353 BIS  0.73  0.65  0.39  0.42  0.16 354.2
 200112 354 BIS  0.77  0.61  0.35  0.34  0.11 337.5
 200112 355 BIS  0.78  0.43  0.11  0.15  0.19 331.3
 200112 356 BIS  0.74  0.50  0.24  0.22  0.17 350.7
 200112 357 BIS  0.76  0.66  0.53  0.27  0.07 340.1
 200112 358 BIS  0.73  0.64  0.49  0.34  0.05 354.5
 200112 359 BIS  0.71  0.61  0.59  0.21  0.04 366.7
 200112 360 BIS  0.72  0.47  0.01  0.36  0.28 361.9
 200112 361 BIS  0.70  0.59  0.45  0.31  0.10 372.8
 200112 362 BIS  0.70  0.44  0.14  0.23  0.20 375.1
 200112 363 BIS  0.69  0.46  0.12  0.33  0.21 382.3
 200112 364 BIS  0.73  0.58  0.27  0.36  0.21 357.6
 200112 365 BIS  0.70  0.58  0.50  0.27  0.03 376.2
