 200101   1 BOI  1.21  0.79  0.05  0.40  0.17 309.0
 200101   2 BOI  1.32  1.07  0.24  0.46  0.16 287.4
 200101   3 BOI  1.33  1.07  0.36  0.36  0.09 286.2
 200101   4 BOI  1.43  1.09  0.21  0.42  0.15 271.4
 200101   5 BOI  1.40  0.79  0.01  0.23  0.26 279.5
 200101   6 BOI  1.18  0.93  0.25  0.45  0.10 331.8
 200101   7 BOI  1.25  1.07  0.23  0.50  0.22 315.8
 200101   8 BOI  1.28  0.64  0.07  0.08  0.21 312.3
 200101   9 BOI  1.36  0.99  0.20  0.36  0.16 296.6
 200101  10 BOI  1.31  0.85  0.00  0.39  0.27 312.1
 200101  11 BOI  1.28  0.72  0.08  0.14  0.28 322.0
 200101  12 BOI  1.27  0.62  0.00  0.08  0.32 329.4
 200101  13 BOI  1.29  0.73  0.00  0.26  0.25 329.4
 200101  14 BOI  1.13  0.64  0.00  0.25  0.25 378.8
 200101  15 BOI  1.14  0.77  0.17  0.28  0.20 381.5
 200101  16 BOI  1.14  1.03  0.47  0.39  0.11 389.8
 200101  17 BOI  1.22  1.06  0.35  0.49  0.09 368.8
 200101  18 BOI  1.32  1.00  0.30  0.35  0.08 345.0
 200101  19 BOI  1.40  0.77  0.11  0.13  0.20 330.5
 200101  21 BOI  1.67  0.89  0.02  0.17  0.26 288.4
 200101  22 BOI  1.46  1.18  0.35  0.38  0.09 332.5
 200101  23 BOI  1.55  1.25  0.25  0.42  0.19 320.2
 200101  24 BOI  1.51  0.80  0.05  0.14  0.25 335.1
 200101  25 BOI  1.40  0.79  0.00  0.23  0.28 366.1
 200101  26 BOI  1.30  0.93  0.20  0.31  0.20 399.8
 200101  27 BOI  1.37  1.19  0.40  0.38  0.15 388.2
 200101  28 BOI  1.52  1.43  0.65  0.32  0.00 356.7
 200101  29 BOI  1.50  0.91  0.09  0.18  0.30 366.0
 200101  30 BOI  1.43  1.02  0.19  0.34  0.17 391.1
 200101  31 BOI  1.68  1.17  0.23  0.32  0.10 339.1
 200102  32 BOI  1.59  1.14  0.11  0.42  0.21 366.2
 200102  33 BOI  1.82  0.90  0.01  0.09  0.29 327.3
 200102  34 BOI  2.06  1.08  0.00  0.16  0.28 299.3
 200102  35 BOI  1.89  0.87  0.07  0.02  0.20 329.7
 200102  36 BOI  1.81  1.38  0.07  0.46  0.32 349.9
 200102  37 BOI  1.79  1.09  0.00  0.28  0.31 359.9
 200102  38 BOI  1.61  1.38  0.27  0.43  0.27 407.8
 200102  39 BOI  1.82  1.47  0.32  0.40  0.10 367.1
 200102  40 BOI  1.71  1.03  0.00  0.27  0.31 396.6
 200102  41 BOI  1.72  0.89  0.00  0.09  0.36 402.5
 200102  42 BOI  1.75  0.93  0.00  0.15  0.32 405.2
 200102  43 BOI  1.77  1.14  0.10  0.27  0.25 408.2
 200102  44 BOI  1.87  1.61  0.30  0.43  0.22 394.8
 200102  45 BOI  1.82  1.58  0.37  0.45  0.10 414.2
 200102  46 BOI  1.88  1.12  0.00  0.28  0.28 409.9
 200102  47 BOI  2.09  1.19  0.00  0.25  0.26 377.3
 200102  48 BOI  2.42  1.29  0.00  0.17  0.29 336.6
 200102  49 BOI  2.38  1.63  0.13  0.29  0.28 347.6
 200102  50 BOI  2.47  1.12  0.02  0.01  0.29 342.3
 200102  51 BOI  2.48  1.30  0.05  0.09  0.30 347.0
 200102  52 BOI  2.43  1.48  0.09  0.18  0.31 360.9
 200102  53 BOI  2.26  1.46  0.03  0.34  0.28 394.0
 200102  54 BOI  2.18  1.13  0.03  0.10  0.31 416.3
 200102  55 BOI  2.27  1.56  0.10  0.33  0.27 407.6
 200102  56 BOI  2.32  1.67  0.17  0.32  0.25 406.8
 200102  57 BOI  2.64  2.23  0.34  0.42  0.14 368.4
 200102  58 BOI  2.96  2.75  0.56  0.33  0.11 338.2
 200102  59 BOI  2.90  2.65  0.48  0.39  0.12 350.5
 200103  60 BOI  2.55  2.33  0.45  0.42  0.12 400.0
 200103  61 BOI  2.66  1.23  0.02  0.03  0.28 392.1
 200103  62 BOI  2.71  2.13  0.19  0.43  0.23 393.2
 200103  63 BOI  3.30  2.04  0.04  0.26  0.30 335.2
 200103  64 BOI  3.12  2.07  0.08  0.29  0.31 358.9
 200103  65 BOI  3.35  2.80  0.30  0.39  0.22 342.2
 200103  66 BOI  3.49  3.25  0.59  0.34  0.05 336.2
 200103  67 BOI  3.23  2.36  0.23  0.29  0.22 365.7
 200103  68 BOI  3.16  2.01  0.08  0.19  0.38 379.2
 200103  69 BOI  3.25  2.88  0.33  0.43  0.24 375.9
 200103  70 BOI  2.96  2.41  0.24  0.38  0.28 416.7
 200103  71 BOI  3.63  2.86  0.31  0.34  0.16 352.0
 200103  72 BOI  3.72  2.99  0.25  0.38  0.24 349.9
 200103  73 BOI  3.59  3.14  0.29  0.46  0.23 367.1
 200103  74 BOI  3.64  1.90  0.00  0.15  0.29 368.8
 200103  75 BOI  3.31  2.52  0.16  0.34  0.34 408.2
 200103  76 BOI  4.06  2.66  0.14  0.23  0.27 345.2
 200103  77 BOI  3.97  2.32  0.11  0.17  0.23 357.4
 200103  78 BOI  4.83  3.07  0.09  0.22  0.32 305.9
 200103  79 BOI  4.97  3.59  0.15  0.37  0.22 303.0
 200103  80 BOI  5.28  3.20  0.14  0.16  0.25 291.8
 200103  81 BOI  5.05  4.25  0.25  0.43  0.26 307.3
 200103  82 BOI  5.25  4.19  0.22  0.40  0.25 301.4
 200103  83 BOI  4.76  3.20  0.22  0.19  0.24 332.5
 200103  84 BOI  5.00  3.95  0.19  0.35  0.35 322.9
 200103  85 BOI  4.94  4.17  0.31  0.40  0.21 330.4
 200103  86 BOI  5.40  4.28  0.30  0.34  0.19 310.6
 200103  87 BOI  5.15  3.51  0.03  0.34  0.36 327.4
 200103  88 BOI  4.47  3.41  0.19  0.38  0.24 374.9
 200103  89 BOI  4.98  3.95  0.10  0.45  0.36 345.2
 200103  90 BOI  5.73  3.75  0.13  0.25  0.26 310.4
 200104  91 BOI  5.18  4.22  0.20  0.45  0.25 342.0
 200104  92 BOI  5.34  3.75  0.00  0.35  0.45 337.5
 200104  93 BOI  4.54  3.19  0.00  0.34  0.46 392.7
 200104  94 BOI  4.65  3.19  0.07  0.26  0.42 389.2
 200104  95 BOI  4.84  4.04  0.19  0.48  0.27 379.5
 200104  96 BOI  4.09  1.83  0.03  0.00  0.27 445.2
 200104  97 BOI  4.17  1.79  0.01  0.00  0.26 442.2
 200104  98 BOI  4.68  3.27  0.00  0.34  0.45 403.7
 200104  99 BOI  5.04  3.66  0.09  0.32  0.40 382.6
 200104 100 BOI  4.78  2.80  0.00  0.09  0.53 404.7
 200104 101 BOI  4.42  2.03  0.00  0.00  0.35 438.5
 200104 102 BOI  5.14  3.63  0.00  0.37  0.43 387.9
 200104 103 BOI  5.14  4.00  0.05  0.49  0.35 391.4
 200104 104 BOI  5.05  4.58  0.40  0.46  0.13 400.6
 200104 105 BOI  5.01  3.64  0.05  0.38  0.38 407.4
 200104 106 BOI  5.15  4.06  0.07  0.49  0.34 400.7
 200104 107 BOI  5.55  3.89  0.07  0.30  0.40 379.5
 200104 108 BOI  5.97  3.49  0.05  0.08  0.46 359.7
 200104 109 BOI  5.84  3.19  0.00  0.08  0.45 369.6
 200104 110 BOI  5.76  3.05  0.00  0.15  0.31 377.1
 200104 111 BOI  5.54  3.55  0.07  0.19  0.41 393.3
 200104 112 BOI  6.54  4.85  0.01  0.44  0.40 343.4
 200104 113 BOI  6.16  3.75  0.05  0.10  0.49 364.1
 200104 114 BOI  6.37  5.39  0.19  0.51  0.26 356.2
 200104 115 BOI  7.90  7.04  0.29  0.54  0.16 298.6
 200104 116 BOI  7.29  6.07  0.11  0.57  0.27 321.7
 200104 117 BOI  6.89  4.93  0.00  0.40  0.41 340.3
 200104 118 BOI  6.42  3.96  0.00  0.20  0.45 363.5
 200104 119 BOI  6.84  5.33  0.00  0.53  0.38 346.7
 200104 120 BOI  7.42  5.34  0.00  0.42  0.39 325.9
 200105 121 BOI  5.98  4.79  0.17  0.44  0.28 393.9
 200105 122 BOI  6.70  5.64  0.27  0.43  0.23 359.6
 200105 123 BOI  6.91  6.36  0.44  0.46  0.10 351.9
 200105 124 BOI  6.35  5.74  0.35  0.50  0.15 380.0
 200105 125 BOI  6.28  5.91  0.64  0.29  0.06 386.0
 200105 126 BOI  6.86  6.04  0.25  0.54  0.20 359.6
 200105 127 BOI  6.90  6.14  0.29  0.53  0.17 359.9
 200105 128 BOI  7.69  5.42  0.08  0.33  0.35 329.8
 200105 129 BOI  7.39  6.17  0.17  0.52  0.25 343.1
 200105 130 BOI  7.14  6.67  0.45  0.50  0.06 355.0
 200105 131 BOI  7.78  7.15  0.38  0.54  0.08 331.6
 200105 132 BOI  8.28  6.56  0.00  0.58  0.34 316.1
 200105 133 BOI  8.03  5.25  0.06  0.25  0.37 324.9
 200105 134 BOI  8.80  6.02  0.04  0.32  0.38 302.5
 200105 135 BOI  8.47  8.00  0.54  0.42  0.05 314.9
 200105 136 BOI  9.14  7.79  0.21  0.51  0.24 296.2
 200105 137 BOI  9.14  7.79  0.21  0.51  0.24 296.2
 200105 138 BOI  7.85  7.37  0.51  0.45  0.04 337.8
 200105 139 BOI  7.41  6.70  0.33  0.53  0.14 355.7
 200105 140 BOI  8.07  7.22  0.31  0.53  0.15 332.4
 200105 141 BOI  7.84  7.23  0.42  0.50  0.08 341.9
 200105 142 BOI  8.58  8.33  0.79  0.21  0.00 317.9
 200105 143 BOI  9.36  8.49  0.31  0.58  0.11 296.0
 200105 144 BOI  8.94  7.27  0.06  0.56  0.32 308.4
 200105 145 BOI  8.96  7.90  0.27  0.54  0.17 308.6
 200105 146 BOI  8.74  6.64  0.24  0.28  0.29 315.9
 200105 147 BOI  8.18  7.19  0.26  0.54  0.18 334.6
 200105 148 BOI  7.90  7.15  0.34  0.52  0.14 345.2
 200105 149 BOI  8.51  7.48  0.26  0.54  0.18 324.8
 200105 150 BOI  9.22  7.86  0.21  0.51  0.24 304.7
 200105 151 BOI  8.86  8.27  0.46  0.50  0.04 316.1
 200106 152 BOI  8.84  6.99  0.09  0.51  0.29 317.2
 200106 153 BOI  7.45  6.10  0.11  0.54  0.28 366.6
 200106 154 BOI  7.61  6.42  0.20  0.50  0.25 360.4
 200106 155 BOI  8.02  6.38  0.11  0.50  0.28 345.1
 200106 156 BOI  7.91  5.25  0.03  0.26  0.43 349.6
 200106 157 BOI  7.89  5.80  0.22  0.24  0.32 351.0
 200106 158 BOI  8.59  7.39  0.22  0.54  0.20 327.1
 200106 159 BOI  9.21  7.21  0.00  0.55  0.36 309.2
 200106 160 BOI  8.87  8.15  0.44  0.47  0.08 319.5
 200106 161 BOI  9.18  7.42  0.10  0.52  0.30 311.1
 200106 162 BOI  8.05  5.78  0.08  0.34  0.37 347.2
 200106 163 BOI  7.94  5.92  0.06  0.43  0.34 351.0
 200106 164 BOI  8.00  6.77  0.24  0.50  0.19 348.8
 200106 165 BOI  8.24  6.52  0.05  0.52  0.34 340.9
 200106 166 BOI  7.33  6.73  0.39  0.52  0.09 375.9
 200106 167 BOI  8.72  7.90  0.37  0.51  0.11 325.2
 200106 168 BOI  8.57  7.34  0.20  0.55  0.21 330.1
 200106 169 BOI  8.72  7.51  0.21  0.54  0.22 325.6
 200106 170 BOI  8.91  7.74  0.25  0.52  0.20 319.9
 200106 171 BOI  9.46  8.96  0.53  0.47  0.00 304.3
 200106 172 BOI  9.40  8.50  0.33  0.53  0.14 305.8
 200106 173 BOI  9.17  7.86  0.21  0.54  0.21 312.2
 200106 174 BOI  8.96  7.11  0.09  0.50  0.31 318.1
 200106 175 BOI  8.24  5.79  0.00  0.37  0.42 341.1
 200106 176 BOI  9.00  5.50  0.16  0.16  0.23 316.7
 200106 177 BOI  9.54  5.81  0.07  0.17  0.36 301.1
 200106 178 BOI  9.94  6.57  0.15  0.18  0.34 291.2
 200106 179 BOI  9.48  8.07  0.23  0.50  0.22 302.5
 200106 180 BOI  9.99  8.78  0.30  0.50  0.17 289.7
 200106 181 BOI  9.33  7.41  0.09  0.50  0.31 306.5
 200107 182 BOI  9.58  8.67  0.34  0.52  0.14 299.1
 200107 183 BOI 10.66  9.70  0.36  0.52  0.12 273.2
 200107 184 BOI 11.13  9.75  0.27  0.51  0.20 263.7
 200107 185 BOI 10.11  8.35  0.13  0.53  0.28 285.2
 200107 186 BOI  9.72  6.73  0.22  0.23  0.23 294.1
 200107 187 BOI  9.75  8.34  0.22  0.51  0.23 292.9
 200107 188 BOI 10.86  7.76  0.20  0.22  0.33 267.5
 200107 189 BOI 10.15  8.72  0.25  0.49  0.22 282.5
 200107 190 BOI 10.26  8.49  0.17  0.50  0.26 279.5
 200107 191 BOI 10.44  8.65  0.16  0.50  0.28 274.9
 200107 192 BOI  9.58  7.86  0.11  0.53  0.30 294.8
 200107 193 BOI  9.43  7.85  0.19  0.52  0.21 297.9
 200107 194 BOI 10.02  8.27  0.18  0.50  0.24 282.9
 200107 195 BOI  8.87  7.39  0.15  0.52  0.28 312.4
 200107 196 BOI  7.95  6.23  0.12  0.44  0.32 341.2
 200107 197 BOI  7.62  5.97  0.12  0.44  0.32 352.6
 200107 198 BOI  7.96  6.00  0.00  0.48  0.39 339.4
 200107 199 BOI  8.33  7.11  0.23  0.51  0.21 325.3
 200107 200 BOI  8.54  6.70  0.05  0.51  0.34 318.5
 200107 201 BOI  8.11  6.84  0.24  0.48  0.21 331.5
 200107 202 BOI  8.07  6.42  0.08  0.50  0.33 331.7
 200107 203 BOI  8.43  7.18  0.23  0.50  0.22 318.6
 200107 204 BOI  8.27  6.91  0.19  0.49  0.26 322.5
 200107 206 BOI  8.24  7.86  0.58  0.41  0.02 321.2
 200107 207 BOI  8.04  7.71  0.66  0.34  0.00 326.6
 200107 208 BOI  8.51  7.62  0.31  0.54  0.14 310.8
 200107 209 BOI  8.37  7.13  0.26  0.48  0.20 314.0
 200107 210 BOI  8.07  6.68  0.17  0.50  0.26 322.1
 200107 211 BOI  7.96  5.49  0.15  0.20  0.38 324.5
 200107 212 BOI  7.81  7.19  0.44  0.46  0.10 328.3
 200108 213 BOI  8.51  7.87  0.40  0.52  0.09 303.9
 200108 214 BOI  8.06  7.52  0.50  0.44  0.06 316.9
 200108 215 BOI  8.11  7.46  0.39  0.53  0.08 313.7
 200108 216 BOI  7.43  6.17  0.18  0.50  0.25 335.7
 200108 217 BOI  7.39  6.86  0.47  0.48  0.04 335.7
 200108 218 BOI  7.35  7.01  0.61  0.39  0.00 335.7
 200108 219 BOI  7.30  6.41  0.27  0.52  0.19 335.7
 200108 220 BOI  7.26  6.57  0.40  0.45  0.14 335.7
 200108 221 BOI  8.28  6.45  0.09  0.46  0.33 298.6
 200108 222 BOI  8.29  7.01  0.16  0.55  0.25 296.5
 200108 223 BOI  9.27  7.74  0.17  0.52  0.25 268.5
 200108 224 BOI  8.50  7.22  0.18  0.54  0.24 287.1
 200108 225 BOI  8.47  7.11  0.19  0.54  0.20 285.8
 200108 226 BOI  8.68  7.78  0.35  0.50  0.13 277.8
 200108 227 BOI  8.20  7.38  0.35  0.50  0.14 289.7
 200108 228 BOI  8.43  7.73  0.36  0.53  0.12 281.1
 200108 229 BOI  8.25  7.37  0.33  0.52  0.13 284.5
 200108 230 BOI  7.70  6.54  0.21  0.52  0.22 299.0
 200108 231 BOI  7.40  7.03  0.54  0.45  0.02 307.2
 200108 232 BOI  7.10  6.11  0.23  0.53  0.20 315.8
 200108 233 BOI  7.21  6.35  0.29  0.50  0.19 308.9
 200108 234 BOI  7.28  5.96  0.11  0.54  0.28 303.8
 200108 235 BOI  7.37  6.63  0.38  0.48  0.12 298.1
 200108 236 BOI  7.94  7.35  0.45  0.47  0.08 277.6
 200108 237 BOI  7.47  7.25  0.77  0.23  0.00 290.0
 200108 238 BOI  8.11  7.42  0.38  0.52  0.10 268.5
 200108 239 BOI  8.17  7.75  0.52  0.47  0.02 264.7
 200108 240 BOI  7.63  6.97  0.42  0.47  0.10 277.2
 200108 241 BOI  7.24  6.83  0.51  0.45  0.05 287.5
 200108 242 BOI  7.06  6.15  0.25  0.53  0.19 290.7
 200108 243 BOI  7.05  5.83  0.15  0.50  0.29 288.2
 200109 244 BOI  7.12  5.97  0.16  0.53  0.26 282.8
 200109 245 BOI  6.91  6.12  0.30  0.52  0.16 287.1
 200109 246 BOI  7.52  6.92  0.40  0.52  0.08 264.8
 200109 247 BOI  7.65  6.61  0.22  0.54  0.21 258.2
 200109 248 BOI  7.05  4.83  0.00  0.32  0.45 273.3
 200109 249 BOI  6.35  5.55  0.26  0.51  0.21 295.4
 200109 250 BOI  6.57  6.07  0.47  0.45  0.07 283.9
 200109 251 BOI  5.92  5.63  0.62  0.36  0.02 306.7
 200109 252 BOI  6.10  5.87  0.70  0.29  0.01 295.2
 200109 253 BOI  6.16  5.08  0.11  0.55  0.28 289.6
 200109 254 BOI  6.32  5.15  0.09  0.55  0.29 279.9
 200109 255 BOI  6.27  4.02  0.13  0.14  0.38 278.2
 200109 256 BOI  6.16  4.61  0.07  0.41  0.36 278.8
 200109 257 BOI  6.46  5.36  0.22  0.46  0.24 264.8
 200109 258 BOI  5.94  4.95  0.20  0.48  0.25 280.2
 200109 259 BOI  5.41  4.09  0.26  0.25  0.29 299.1
 200109 260 BOI  5.39  4.69  0.30  0.47  0.19 296.4
 200109 261 BOI  5.44  4.73  0.25  0.52  0.20 290.4
 200109 263 BOI  5.23  4.92  0.54  0.42  0.04 292.4
 200109 264 BOI  5.29  4.90  0.45  0.48  0.07 285.6
 200109 265 BOI  5.55  5.36  0.74  0.25  0.01 270.1
 200109 266 BOI  5.56  5.17  0.44  0.51  0.05 265.7
 200109 267 BOI  5.18  4.88  0.49  0.50  0.01 277.6
 200109 268 BOI  4.90  3.38  0.15  0.30  0.24 287.3
 200109 269 BOI  4.69  4.03  0.28  0.47  0.20 293.9
 200109 270 BOI  4.68  4.01  0.26  0.49  0.20 290.0
 200109 271 BOI  4.82  3.88  0.16  0.45  0.29 277.7
 200109 272 BOI  5.14  4.88  0.56  0.44  0.00 259.3
 200110 274 BOI  4.98  4.59  0.39  0.54  0.07 258.5
 200110 275 BOI  4.56  4.13  0.40  0.44  0.16 273.8
 200110 276 BOI  4.21  3.91  0.49  0.42  0.09 288.8
 200110 277 BOI  4.08  3.83  0.56  0.37  0.07 291.4
 200110 278 BOI  3.99  3.78  0.63  0.34  0.02 292.6
 200110 279 BOI  4.02  2.79  0.14  0.30  0.27 285.8
 200110 280 BOI  4.04  3.42  0.27  0.46  0.20 279.0
 200110 281 BOI  3.87  2.62  0.14  0.25  0.30 284.9
 200110 282 BOI  3.40  2.85  0.24  0.44  0.25 313.1
 200110 283 BOI  3.72  3.03  0.25  0.41  0.22 284.9
 200110 284 BOI  3.32  2.68  0.17  0.41  0.34 309.6
 200110 285 BOI  3.57  2.63  0.32  0.27  0.12 285.7
 200110 286 BOI  3.85  3.35  0.23  0.50  0.27 263.2
 200110 287 BOI  3.36  2.75  0.20  0.43  0.29 290.7
 200110 288 BOI  3.55  3.25  0.48  0.40  0.11 271.8
 200110 289 BOI  3.61  2.74  0.09  0.44  0.31 262.8
 200110 290 BOI  3.20  2.65  0.37  0.34  0.16 286.7
 200110 291 BOI  3.20  2.79  0.40  0.40  0.13 280.3
 200110 292 BOI  3.18  2.78  0.30  0.48  0.19 277.4
 200110 293 BOI  2.94  2.49  0.26  0.46  0.21 291.8
 200110 294 BOI  3.00  2.17  0.13  0.37  0.26 281.9
 200110 295 BOI  2.92  1.63  0.04  0.15  0.31 283.3
 200110 296 BOI  2.95  2.36  0.20  0.37  0.33 275.7
 200110 297 BOI  2.82  2.25  0.21  0.43  0.22 282.2
 200110 298 BOI  2.78  2.15  0.17  0.43  0.23 280.1
 200110 299 BOI  3.01  2.61  0.23  0.48  0.29 256.3
 200110 300 BOI  2.91  1.84  0.04  0.27  0.33 258.9
 200110 301 BOI  2.56  1.32  0.02  0.12  0.29 283.9
 200110 302 BOI  2.83  1.30  0.00  0.02  0.32 254.8
 200110 303 BOI  2.70  1.35  0.00  0.08  0.33 261.4
 200110 304 BOI  2.57  1.77  0.05  0.35  0.33 268.2
 200111 305 BOI  2.61  1.74  0.04  0.35  0.29 260.0
 200111 306 BOI  2.32  1.82  0.22  0.40  0.21 283.1
 200111 307 BOI  2.48  2.30  0.51  0.39  0.10 262.6
 200111 308 BOI  2.61  2.34  0.36  0.44  0.20 246.1
 200111 309 BOI  2.13  1.68  0.20  0.43  0.21 289.0
 200111 310 BOI  2.01  1.22  0.04  0.26  0.27 297.9
 200111 311 BOI  2.01  1.83  0.48  0.41  0.08 292.4
 200111 312 BOI  2.22  2.03  0.42  0.45  0.13 263.8
 200111 313 BOI  2.13  2.04  0.65  0.35  0.00 269.4
 200111 314 BOI  1.95  1.75  0.34  0.46  0.20 286.6
 200111 315 BOI  1.94  1.48  0.20  0.34  0.28 283.4
 200111 316 BOI  1.81  1.37  0.18  0.38  0.24 297.2
 200111 317 BOI  1.69  1.16  0.10  0.33  0.27 310.2
 200111 318 BOI  1.87  1.11  0.10  0.19  0.24 277.5
 200111 319 BOI  1.88  1.48  0.16  0.44  0.26 271.6
 200111 320 BOI  1.95  1.17  0.07  0.24  0.24 259.2
 200111 321 BOI  1.95  1.17  0.10  0.18  0.27 253.3
 200111 322 BOI  1.93  1.68  0.56  0.30  0.00 252.0
 200111 323 BOI  1.73  1.47  0.23  0.48  0.25 275.6
 200111 324 BOI  1.56  1.19  0.14  0.44  0.24 299.6
 200111 325 BOI  1.50  0.99  0.00  0.35  0.35 305.8
 200111 326 BOI  1.46  0.97  0.04  0.30  0.36 310.1
 200111 327 BOI  1.41  0.89  0.03  0.24  0.37 314.3
 200111 328 BOI  1.37  0.68  0.00  0.12  0.28 319.7
 200111 329 BOI  1.23  0.64  0.00  0.10  0.37 349.6
 200111 330 BOI  1.27  0.81  0.06  0.29  0.27 332.0
 200111 331 BOI  1.24  0.99  0.33  0.36  0.12 335.0
 200111 332 BOI  1.20  0.54  0.00  0.04  0.28 343.7
 200111 333 BOI  1.18  0.65  0.07  0.08  0.34 344.2
 200111 334 BOI  1.29  0.81  0.03  0.30  0.28 313.9
 200112 335 BOI  1.38  0.69  0.00  0.08  0.34 291.8
 200112 336 BOI  1.23  0.57  0.00  0.03  0.32 321.8
 200112 337 BOI  1.26  0.67  0.00  0.12  0.36 311.9
 200112 338 BOI  1.17  0.62  0.00  0.17  0.28 332.1
 200112 339 BOI  1.07  0.61  0.00  0.18  0.37 358.5
 200112 340 BOI  1.14  0.72  0.00  0.28  0.38 333.1
 200112 341 BOI  1.22  0.88  0.19  0.35  0.17 307.5
 200112 342 BOI  1.25  0.79  0.00  0.34  0.29 299.5
 200112 343 BOI  1.09  0.77  0.08  0.37  0.29 340.7
 200112 344 BOI  1.10  0.64  0.07  0.20  0.24 334.9
 200112 345 BOI  1.02  0.58  0.00  0.23  0.29 358.9
 200112 346 BOI  1.10  0.75  0.12  0.38  0.15 332.1
 200112 347 BOI  1.10  0.54  0.00  0.10  0.29 331.7
 200112 348 BOI  0.97  0.62  0.00  0.27  0.40 372.4
 200112 349 BOI  1.10  0.50  0.00  0.06  0.24 326.1
 200112 350 BOI  1.13  0.57  0.00  0.14  0.26 318.4
 200112 351 BOI  1.13  0.66  0.05  0.19  0.30 315.2
 200112 352 BOI  1.14  0.70  0.00  0.34  0.26 314.9
 200112 353 BOI  1.12  0.55  0.00  0.12  0.26 319.2
 200112 354 BOI  1.12  0.45  0.00  0.00  0.22 321.0
 200112 355 BOI  1.15  0.60  0.05  0.11  0.27 313.4
 200112 356 BOI  1.17  0.87  0.22  0.38  0.15 308.7
 200112 357 BOI  1.05  0.69  0.15  0.28  0.19 340.7
 200112 358 BOI  1.15  1.07  0.64  0.31  0.00 311.9
 200112 359 BOI  1.14  0.96  0.55  0.27  0.00 316.5
 200112 360 BOI  1.14  0.82  0.15  0.39  0.19 316.8
 200112 361 BOI  1.13  0.52  0.02  0.09  0.18 319.1
 200112 362 BOI  1.12  0.72  0.00  0.35  0.30 322.3
 200112 363 BOI  1.24  0.77  0.04  0.30  0.25 293.3
 200112 364 BOI  1.19  0.75  0.10  0.31  0.16 304.0
 200112 365 BOI  1.14  0.53  0.05  0.03  0.23 318.9
