 BOI 20020101  1.21  0.81  0.17  0.31  0.14 309.1
 BOI 20020102  1.31  0.57  0.02  0.01  0.24 288.2
 BOI 20020103  1.28  0.79  0.14  0.21  0.22 298.2
 BOI 20020104  1.41  1.08  0.24  0.43  0.10 274.2
 BOI 20020105  1.29  0.74  0.00  0.27  0.25 302.2
 BOI 20020106  1.24  0.50  0.01  0.00  0.19 315.3
 BOI 20020107  1.48  0.76  0.00  0.13  0.30 269.7
 BOI 20020108  1.47  0.67  0.00  0.06  0.26 273.9
 BOI 20020109  1.34  1.00  0.23  0.38  0.13 302.1
 BOI 20020110  1.46  1.25  0.39  0.43  0.07 281.6
 BOI 20020111  1.39  1.05  0.21  0.42  0.13 297.7
 BOI 20020112  1.36  0.91  0.11  0.30  0.26 308.0
 BOI 20020113  1.24  0.93  0.07  0.52  0.21 340.5
 BOI 20020114  1.22  0.72  0.00  0.28  0.27 350.4
 BOI 20020115  1.21  1.00  0.23  0.43  0.27 360.9
 BOI 20020116  1.27  0.99  0.23  0.43  0.15 348.9
 BOI 20020117  1.20  0.77  0.18  0.24  0.17 374.5
 BOI 20020118  1.23  1.03  0.30  0.46  0.13 370.4
 BOI 20020119  1.29  0.75  0.01  0.20  0.34 358.4
 BOI 20020120  1.21  0.53  0.00  0.04  0.25 388.3
 BOI 20020121  1.31  0.69  0.02  0.10  0.33 361.6
 BOI 20020122  1.32  0.71  0.00  0.14  0.33 365.3
 BOI 20020123  1.35  0.88  0.15  0.27  0.19 366.4
 BOI 20020124  1.50  0.96  0.06  0.33  0.23 337.1
 BOI 20020125  1.50  0.74  0.00  0.07  0.33 342.5
 BOI 20020126  1.49  0.86  0.00  0.25  0.28 350.4
 BOI 20020127  1.56  1.08  0.02  0.40  0.31 341.3
 BOI 20020128  1.55  0.86  0.00  0.22  0.28 349.6
 BOI 20020129  1.47  1.13  0.17  0.42  0.24 374.5
 BOI 20020130  1.52  1.07  0.22  0.33  0.12 367.6
 BOI 20020131  1.53  0.95  0.07  0.29  0.22 372.0
 BOI 20020201  1.68  0.95  0.07  0.15  0.28 346.0
 BOI 20020202  1.76  1.26  0.09  0.43  0.22 338.2
 BOI 20020203  1.83  1.35  0.14  0.39  0.25 332.7
 BOI 20020204  2.02  1.73  0.45  0.40  0.02 310.7
 BOI 20020205  2.14  1.75  0.26  0.44  0.17 299.3
 BOI 20020206  1.93  1.10  0.00  0.25  0.27 336.4
 BOI 20020207  2.13  1.06  0.00  0.08  0.33 311.9
 BOI 20020208  2.09  1.43  0.07  0.31  0.34 322.5
 BOI 20020209  2.53  2.10  0.29  0.47  0.11 276.1
 BOI 20020210  2.77  2.46  0.35  0.47  0.15 260.1
 BOI 20020211  2.25  1.80  0.15  0.51  0.21 319.2
 BOI 20020212  2.17  1.96  0.56  0.35  0.01 337.1
 BOI 20020213  2.32  1.84  0.13  0.47  0.29 324.2
 BOI 20020214  2.27  2.11  0.50  0.45  0.04 337.0
 BOI 20020215  2.52  2.41  0.63  0.37  0.00 311.9
 BOI 20020216  2.34  1.74  0.21  0.32  0.25 340.7
 BOI 20020217  2.17  0.89  0.00  0.00  0.23 370.9
 BOI 20020218  2.21  1.43  0.18  0.19  0.24 371.6
 BOI 20020219  2.55  1.56  0.00  0.26  0.35 331.8
 BOI 20020220  2.64  1.69  0.08  0.28  0.26 327.6
 BOI 20020221  3.23  1.74  0.00  0.16  0.32 279.6
 BOI 20020222  3.20  1.98  0.00  0.26  0.37 288.1
 BOI 20020223  3.03  1.93  0.06  0.20  0.40 307.3
 BOI 20020224  3.23  2.77  0.18  0.48  0.34 295.7
 BOI 20020225  3.56  3.25  0.56  0.37  0.01 277.2
 BOI 20020226  3.35  2.47  0.13  0.38  0.28 297.6
 BOI 20020227  3.11  2.69  0.30  0.48  0.17 323.5
 BOI 20020228  3.05  2.43  0.10  0.45  0.37 335.2
 BOI 20020301  2.57  2.20  0.28  0.41  0.28 398.2
 BOI 20020302  2.86  2.70  0.63  0.34  0.01 367.1
 BOI 20020303  3.49  3.19  0.46  0.43  0.09 313.1
 BOI 20020304  3.53  3.04  0.23  0.49  0.26 315.9
 BOI 20020305  3.20  2.09  0.03  0.31  0.33 350.0
 BOI 20020306  3.13  1.51  0.00  0.03  0.36 363.7
 BOI 20020307  3.31  1.83  0.07  0.10  0.32 351.6
 BOI 20020308  3.25  2.61  0.16  0.43  0.32 364.4
 BOI 20020310  3.57  1.80  0.00  0.05  0.39 346.2
 BOI 20020311  4.03  2.15  0.00  0.13  0.35 316.5
 BOI 20020312  3.88  2.37  0.04  0.20  0.37 332.2
 BOI 20020313  3.99  2.52  0.00  0.26  0.40 328.7
 BOI 20020314  3.56  2.51  0.15  0.28  0.31 370.3
 BOI 20020315  3.22  1.66  0.00  0.11  0.33 411.6
 BOI 20020316  2.95  1.79  0.17  0.10  0.29 453.5
 BOI 20020317  3.21  1.96  0.01  0.23  0.38 426.1
 BOI 20020318  3.51  2.63  0.15  0.39  0.26 398.8
 BOI 20020319  3.81  2.14  0.05  0.17  0.28 376.5
 BOI 20020320  4.30  2.87  0.02  0.35  0.33 343.4
 BOI 20020321  5.29  4.21  0.18  0.44  0.25 291.4
 BOI 20020322  5.64  3.95  0.11  0.33  0.29 279.5
 BOI 20020323  4.72  2.97  0.05  0.22  0.37 329.9
 BOI 20020324  4.32  2.58  0.13  0.10  0.33 361.8
 BOI 20020325  4.75  3.46  0.20  0.30  0.25 337.5
 BOI 20020326  4.71  4.17  0.33  0.43  0.24 344.5
 BOI 20020327  4.47  3.71  0.27  0.39  0.26 365.4
 BOI 20020328  4.81  3.75  0.21  0.37  0.26 346.9
 BOI 20020329  5.05  3.99  0.27  0.37  0.19 337.4
 BOI 20020330  6.22  5.35  0.32  0.43  0.19 285.9
 BOI 20020331  6.70  6.14  0.43  0.44  0.13 271.5
 BOI 20020401  6.34  5.37  0.33  0.39  0.20 288.5
 BOI 20020402  5.77  5.37  0.54  0.39  0.06 315.9
 BOI 20020403  5.98  5.61  0.51  0.45  0.04 309.8
 BOI 20020404  5.97  5.35  0.32  0.52  0.15 313.5
 BOI 20020405  5.86  4.18  0.00  0.38  0.43 321.9
 BOI 20020406  5.42  4.27  0.14  0.41  0.34 348.0
 BOI 20020407  6.08  4.24  0.03  0.34  0.40 318.8
 BOI 20020408  6.21  4.73  0.06  0.43  0.38 316.7
 BOI 20020409  6.08  3.06  0.10  0.05  0.22 325.2
 BOI 20020410  5.81  3.70  0.09  0.15  0.42 342.0
 BOI 20020411  7.28  5.28  0.03  0.38  0.41 285.6
 BOI 20020412  6.70  5.37  0.12  0.47  0.32 309.0
 BOI 20020413  7.89  5.86  0.18  0.32  0.29 271.7
 BOI 20020414  7.07  5.20  0.17  0.37  0.22 300.4
 BOI 20020415  5.04  3.60  0.11  0.31  0.35 405.2
 BOI 20020416  5.37  3.01  0.00  0.06  0.51 387.1
 BOI 20020417  5.90  2.66  0.00  0.05  0.26 360.2
 BOI 20020418  5.95  3.44  0.03  0.12  0.42 360.2
 BOI 20020419  5.69  4.57  0.14  0.45  0.32 377.6
 BOI 20020420  5.25  4.30  0.21  0.44  0.26 408.5
 BOI 20020421  5.27  4.30  0.13  0.50  0.30 410.8
 BOI 20020422  5.53  4.58  0.10  0.56  0.29 396.3
 BOI 20020423  5.78  5.32  0.59  0.29  0.09 384.3
 BOI 20020424  6.64  6.08  0.43  0.44  0.13 343.8
 BOI 20020425  6.66  5.18  0.00  0.54  0.36 345.1
 BOI 20020426  6.10  4.58  0.00  0.46  0.41 374.8
 BOI 20020427  5.99  3.94  0.00  0.25  0.48 383.3
 BOI 20020428  6.84  5.77  0.23  0.47  0.24 344.3
 BOI 20020429  7.35  5.67  0.02  0.50  0.37 326.5
 BOI 20020430  6.14  3.88  0.00  0.24  0.43 382.7
 BOI 20020501  5.73  5.06  0.30  0.50  0.18 408.8
 BOI 20020503  5.72  5.13  0.31  0.55  0.13 414.2
 BOI 20020504  6.16  5.13  0.09  0.59  0.28 390.5
 BOI 20020505  6.56  4.71  0.01  0.39  0.41 371.5
 BOI 20020506  6.46  4.63  0.01  0.39  0.41 378.4
 BOI 20020507  6.67  4.99  0.07  0.40  0.37 370.1
 BOI 20020508  6.54  5.16  0.05  0.51  0.35 378.2
 BOI 20020509  6.65  4.31  0.00  0.27  0.43 374.9
 BOI 20020510  6.23  4.17  0.00  0.29  0.45 398.3
 BOI 20020511  7.17  6.28  0.23  0.55  0.21 355.4
 BOI 20020512  8.22  7.70  0.48  0.49  0.03 318.1
 BOI 20020513  7.65  5.22  0.00  0.32  0.44 338.9
 BOI 20020514  7.08  6.29  0.35  0.48  0.14 363.3
 BOI 20020515  7.09  5.64  0.08  0.50  0.33 364.2
 BOI 20020516  7.30  6.71  0.41  0.49  0.10 356.4
 BOI 20020517  8.05  6.30  0.06  0.50  0.33 329.4
 BOI 20020518  7.99  6.12  0.00  0.52  0.36 332.8
 BOI 20020519  8.47  6.57  0.00  0.53  0.37 318.1
 BOI 20020520  8.68  5.43  0.04  0.19  0.42 313.0
 BOI 20020521  8.04  4.81  0.00  0.19  0.42 334.7
 BOI 20020522  8.24  6.42  0.08  0.50  0.29 328.4
 BOI 20020523  7.58  5.29  0.05  0.36  0.34 353.1
 BOI 20020524  6.94  5.57  0.04  0.56  0.33 381.6
 BOI 20020525  7.65  6.10  0.00  0.59  0.34 352.0
 BOI 20020526  7.69  5.81  0.15  0.35  0.33 351.4
 BOI 20020527  8.76  6.56  0.00  0.47  0.39 316.0
 BOI 20020528  9.46  7.40  0.05  0.49  0.36 296.8
 BOI 20020529 10.76  8.80  0.14  0.49  0.30 267.6
 BOI 20020530 11.11  9.64  0.31  0.47  0.17 261.2
 BOI 20020531 10.47  8.57  0.13  0.51  0.29 274.8
 BOI 20020601  9.06  5.08  0.06  0.14  0.30 310.6
 BOI 20020602  7.92  6.43  0.27  0.37  0.24 347.9
 BOI 20020603  9.66  8.86  0.40  0.50  0.10 295.1
 BOI 20020604  8.84  7.84  0.29  0.52  0.18 318.4
 BOI 20020605  8.48  7.66  0.35  0.50  0.15 330.0
 BOI 20020606  8.83  8.24  0.49  0.48  0.02 319.5
 BOI 20020607  8.99  7.71  0.23  0.51  0.22 315.2
 BOI 20020608  7.77  5.40  0.00  0.35  0.43 356.7
 BOI 20020609  7.99  4.81  0.00  0.21  0.40 348.6
 BOI 20020611  7.27  6.39  0.31  0.49  0.17 378.1
 BOI 20020612  7.91  7.47  0.54  0.44  0.02 352.0
 BOI 20020613  8.51  8.01  0.48  0.49  0.04 331.7
 BOI 20020614  8.53  7.27  0.30  0.44  0.19 331.0
 BOI 20020615  8.55  7.40  0.23  0.53  0.21 330.4
 BOI 20020616  8.74  7.61  0.22  0.56  0.20 324.5
 BOI 20020617  8.44  5.93  0.12  0.30  0.32 334.3
 BOI 20020618  8.23  6.62  0.18  0.42  0.30 341.6
 BOI 20020619  9.40  8.99  0.63  0.37  0.00 305.9
 BOI 20020620  9.90  8.22  0.21  0.48  0.23 293.2
 BOI 20020621  8.88  6.05  0.09  0.25  0.39 320.7
 BOI 20020622  9.02  6.88  0.06  0.46  0.34 316.4
 BOI 20020623  9.13  7.69  0.18  0.52  0.25 313.2
 BOI 20020624  9.15  7.52  0.14  0.51  0.28 312.3
 BOI 20020625  9.66  8.72  0.33  0.52  0.15 298.1
 BOI 20020626  9.06  7.64  0.21  0.51  0.22 314.8
 BOI 20020627  8.72  7.40  0.23  0.48  0.24 324.4
 BOI 20020628  8.63  7.01  0.16  0.47  0.28 327.0
 BOI 20020629  9.56  8.53  0.37  0.47  0.13 299.9
 BOI 20020630 11.55 10.92  0.57  0.40  0.03 256.6
 BOI 20020701  9.69  9.07  0.50  0.48  0.01 296.5
 BOI 20020702  9.51  8.87  0.47  0.48  0.05 300.5
 BOI 20020703  9.08  8.10  0.31  0.54  0.13 312.2
 BOI 20020704  9.07  8.11  0.35  0.49  0.14 312.1
 BOI 20020705  9.67  8.27  0.25  0.49  0.21 295.4
 BOI 20020706  9.54  7.86  0.11  0.55  0.28 298.2
 BOI 20020707  9.88  8.39  0.20  0.53  0.22 289.4
 BOI 20020708  9.99  9.52  0.61  0.38  0.01 286.4
 BOI 20020709  9.74  9.56  0.83  0.18  0.00 292.1
 BOI 20020710 10.17  9.81  0.71  0.29  0.00 281.3
 BOI 20020711 10.64 10.31  0.76  0.24  0.00 270.2
 BOI 20020712 10.29  9.63  0.47  0.50  0.03 277.0
 BOI 20020713 10.05  8.80  0.28  0.51  0.18 281.9
 BOI 20020714  9.81  8.07  0.11  0.54  0.29 287.2
 BOI 20020715  9.23  7.98  0.24  0.51  0.22 300.8
 BOI 20020716  9.18  8.17  0.31  0.53  0.14 301.5
 BOI 20020717  9.42  8.34  0.26  0.55  0.18 294.6
 BOI 20020718  9.42  7.39  0.16  0.41  0.30 294.1
 BOI 20020719  9.17  7.42  0.13  0.48  0.31 299.7
 BOI 20020720  9.09  8.42  0.43  0.48  0.10 301.1
 BOI 20020721  9.09  8.41  0.43  0.50  0.07 299.9
 BOI 20020722  9.28  7.62  0.12  0.54  0.27 294.0
 BOI 20020723  8.93  7.84  0.32  0.49  0.15 302.2
 BOI 20020724  9.11  8.33  0.37  0.53  0.10 296.5
 BOI 20020725  8.66  7.03  0.14  0.50  0.27 308.2
 BOI 20020726  8.51  7.70  0.36  0.51  0.12 311.7
 BOI 20020727  8.34  7.83  0.52  0.44  0.04 316.0
 BOI 20020728  8.81  7.91  0.34  0.50  0.15 300.2
 BOI 20020729  8.87  8.17  0.42  0.49  0.09 297.4
 BOI 20020730  8.63  7.98  0.42  0.51  0.07 303.4
 BOI 20020731  8.79  8.08  0.41  0.50  0.09 297.4
 BOI 20020802  8.74  8.11  0.52  0.40  0.07 295.9
 BOI 20020803  8.45  7.25  0.24  0.50  0.22 302.7
 BOI 20020804  8.37  6.51  0.04  0.51  0.34 303.8
 BOI 20020805  8.61  7.03  0.13  0.52  0.27 295.4
 BOI 20020806  7.98  7.05  0.38  0.43  0.15 313.2
 BOI 20020807  8.15  6.80  0.25  0.44  0.23 305.8
 BOI 20020808  7.40  6.18  0.23  0.45  0.25 330.1
 BOI 20020809  8.19  7.68  0.47  0.49  0.05 301.4
 BOI 20020810  8.01  7.41  0.44  0.48  0.08 305.1
 BOI 20020811  8.07  7.62  0.52  0.47  0.01 301.2
 BOI 20020812  8.14  7.76  0.62  0.37  0.01 297.3
 BOI 20020813  8.39  8.17  0.81  0.19  0.00 288.1
 BOI 20020814  7.85  7.50  0.61  0.39  0.00 302.1
 BOI 20020815  8.01  7.70  0.68  0.32  0.00 295.4
 BOI 20020816  7.99  7.60  0.74  0.21  0.03 293.9
 BOI 20020817  8.13  7.75  0.62  0.37  0.01 288.1
 BOI 20020818  7.63  7.44  0.77  0.24  0.00 301.2
 BOI 20020819  7.65  6.77  0.32  0.51  0.14 298.6
 BOI 20020820  7.11  5.14  0.07  0.35  0.38 315.1
 BOI 20020821  6.57  5.16  0.17  0.40  0.30 334.1
 BOI 20020822  6.51  5.17  0.10  0.49  0.31 334.2
 BOI 20020823  6.55  5.10  0.08  0.47  0.33 329.3
 BOI 20020824  6.86  5.63  0.13  0.52  0.28 314.2
 BOI 20020825  7.49  6.61  0.33  0.48  0.16 289.6
 BOI 20020826  7.09  6.24  0.33  0.46  0.18 299.9
 BOI 20020827  6.69  5.23  0.10  0.44  0.35 313.0
 BOI 20020828  6.76  5.61  0.19  0.48  0.26 307.3
 BOI 20020829  6.64  5.21  0.05  0.51  0.34 309.2
 BOI 20020830  6.61  5.20  0.10  0.46  0.33 307.2
 BOI 20020831  6.44  5.79  0.40  0.46  0.11 311.0
 BOI 20020901  6.88  5.79  0.21  0.50  0.23 291.4
 BOI 20020902  7.16  6.49  0.36  0.50  0.14 278.5
 BOI 20020903  6.86  5.88  0.21  0.54  0.21 286.1
 BOI 20020904  6.53  5.10  0.03  0.52  0.35 294.9
 BOI 20020905  6.65  5.59  0.21  0.49  0.24 287.4
 BOI 20020906  6.70  4.48  0.14  0.24  0.29 282.4
 BOI 20020907  6.26  5.03  0.19  0.45  0.24 295.7
 BOI 20020908  5.69  5.21  0.42  0.48  0.09 317.2
 BOI 20020909  5.73  5.41  0.52  0.47  0.01 311.7
 BOI 20020910  6.28  6.08  0.75  0.25  0.00 285.0
 BOI 20020911  6.25  5.92  0.58  0.40  0.02 282.8
 BOI 20020912  6.55  6.11  0.52  0.40  0.08 268.4
 BOI 20020913  6.43  6.22  0.75  0.25  0.00 269.2
 BOI 20020914  6.30  6.06  0.68  0.32  0.00 270.4
 BOI 20020915  5.91  5.13  0.22  0.56  0.19 281.8
 BOI 20020916  5.14  4.16  0.18  0.45  0.27 313.2
 BOI 20020917  5.07  3.37  0.08  0.24  0.38 312.9
 BOI 20020918  4.98  4.47  0.34  0.50  0.15 313.2
 BOI 20020919  5.78  5.45  0.54  0.43  0.03 272.1
 BOI 20020920  5.92  5.64  0.63  0.34  0.03 263.2
 BOI 20020921  5.56  5.33  0.74  0.23  0.02 273.4
 BOI 20020922  5.42  5.09  0.50  0.47  0.03 275.3
 BOI 20020923  5.39  5.08  0.56  0.42  0.01 272.8
 BOI 20020924  5.20  4.92  0.59  0.38  0.03 277.2
 BOI 20020925  4.60  4.44  0.77  0.22  0.00 302.8
 BOI 20020926  4.60  3.98  0.29  0.48  0.18 298.2
 BOI 20020927  4.35  3.39  0.09  0.46  0.33 308.5
 BOI 20020928  4.52  4.04  0.38  0.46  0.13 293.6
 BOI 20020929  4.56  3.29  0.00  0.41  0.41 287.2
 BOI 20020930  3.99  3.04  0.10  0.39  0.37 316.8
 BOI 20021001  3.72  2.71  0.14  0.28  0.38 331.5
 BOI 20021002  3.78  3.41  0.40  0.39  0.22 322.0
 BOI 20021003  4.25  2.73  0.13  0.19  0.31 286.2
 BOI 20021004  3.88  3.30  0.29  0.42  0.23 304.1
 BOI 20021005  3.89  3.23  0.24  0.43  0.25 298.2
 BOI 20021006  4.22  3.58  0.34  0.40  0.17 273.5
 BOI 20021007  4.44  3.94  0.33  0.46  0.20 257.7
 BOI 20021008  4.20  3.77  0.42  0.43  0.12 265.4
 BOI 20021009  4.18  3.75  0.48  0.37  0.10 262.1
 BOI 20021010  3.81  2.93  0.12  0.43  0.30 279.1
 BOI 20021011  3.25  2.93  0.41  0.38  0.21 315.1
 BOI 20021012  3.39  3.24  0.67  0.32  0.00 297.8
 BOI 20021013  3.50  3.27  0.54  0.38  0.08 285.1
 BOI 20021014  3.58  3.40  0.63  0.35  0.01 274.4
 BOI 20021015  3.60  3.46  0.66  0.34  0.00 268.2
 BOI 20021016  3.57  3.44  0.68  0.32  0.00 265.3
 BOI 20021017  3.24  3.11  0.69  0.31  0.00 283.5
 BOI 20021018  3.11  2.97  0.63  0.36  0.01 288.1
 BOI 20021019  3.20  2.88  0.41  0.42  0.15 275.6
 BOI 20021020  3.44  2.60  0.20  0.37  0.22 254.7
 BOI 20021021  3.25  2.54  0.17  0.39  0.30 263.0
 BOI 20021022  3.16  2.75  0.44  0.33  0.16 265.0
 BOI 20021023  3.02  2.62  0.31  0.42  0.24 270.3
 BOI 20021024  3.06  2.67  0.44  0.34  0.15 262.8
 BOI 20021025  2.97  2.62  0.41  0.40  0.14 264.2
 BOI 20021026  2.83  2.53  0.40  0.41  0.17 269.8
 BOI 20021027  2.75  2.48  0.35  0.48  0.17 271.1
 BOI 20021028  2.54  1.91  0.11  0.38  0.35 285.7
 BOI 20021029  2.33  1.65  0.06  0.36  0.35 302.8
 BOI 20021030  2.23  1.65  0.16  0.33  0.30 309.5
 BOI 20021031  2.25  1.91  0.35  0.35  0.23 301.1
 BOI 20021101  2.17  2.02  0.57  0.32  0.11 307.0
 BOI 20021102  2.17  2.02  0.69  0.25  0.00 300.0
 BOI 20021103  2.23  2.09  0.56  0.40  0.03 288.1
 BOI 20021104  2.17  1.94  0.35  0.45  0.19 289.7
 BOI 20021105  2.30  1.84  0.14  0.48  0.27 270.1
 BOI 20021106  2.27  2.02  0.31  0.49  0.20 268.1
 BOI 20021107  2.12  1.12  0.07  0.06  0.32 279.1
 BOI 20021108  1.87  1.15  0.00  0.19  0.46 307.3
 BOI 20021109  1.91  1.21  0.00  0.26  0.41 296.6
 BOI 20021110  1.76  1.12  0.00  0.29  0.37 314.3
 BOI 20021111  1.76  1.21  0.08  0.36  0.27 309.5
 BOI 20021112  2.02  1.26  0.01  0.30  0.31 268.6
 BOI 20021113  1.71  1.27  0.09  0.44  0.27 307.9
 BOI 20021114  1.74  1.27  0.16  0.35  0.25 296.5
 BOI 20021115  1.92  1.47  0.16  0.46  0.19 267.5
 BOI 20021116  2.01  1.40  0.09  0.36  0.27 250.8
 BOI 20021117  1.69  1.24  0.06  0.40  0.35 288.7
 BOI 20021118  1.61  1.19  0.09  0.43  0.28 298.3
 BOI 20021119  1.66  1.11  0.19  0.25  0.20 286.4
 BOI 20021120  1.74  1.26  0.19  0.37  0.16 270.1
 BOI 20021121  1.69  1.45  0.25  0.49  0.22 273.9
 BOI 20021122  1.61  0.97  0.00  0.28  0.31 282.8
 BOI 20021123  1.46  1.17  0.21  0.43  0.23 305.4
 BOI 20021124  1.39  0.92  0.05  0.36  0.25 314.2
 BOI 20021125  1.30  1.23  0.53  0.44  0.03 330.0
 BOI 20021126  1.18  1.07  0.45  0.45  0.07 358.0
 BOI 20021127  1.20  1.06  0.42  0.43  0.09 346.2
 BOI 20021128  1.26  1.15  0.38  0.47  0.15 326.1
 BOI 20021129  1.33  1.10  0.35  0.41  0.09 308.4
 BOI 20021130  1.29  1.13  0.36  0.46  0.11 313.2
 BOI 20021201  1.22  1.01  0.30  0.43  0.15 327.3
 BOI 20021202  1.23  0.93  0.22  0.41  0.13 320.7
 BOI 20021203  1.24  1.01  0.23  0.46  0.18 316.1
 BOI 20021204  1.29  0.84  0.05  0.34  0.25 301.7
 BOI 20021205  1.24  0.90  0.20  0.39  0.13 310.4
 BOI 20021206  1.26  0.99  0.26  0.42  0.13 302.2
 BOI 20021207  1.16  0.96  0.25  0.48  0.15 322.5
 BOI 20021208  1.17  1.03  0.51  0.35  0.03 318.5
 BOI 20021209  1.19  0.86  0.12  0.40  0.23 312.8
 BOI 20021210  1.08  0.59  0.00  0.17  0.31 340.6
 BOI 20021211  1.03  0.60  0.00  0.30  0.22 356.3
 BOI 20021212  1.11  0.72  0.06  0.34  0.22 328.3
