 200101   1 BOS  1.01  0.89  0.53  0.32  0.06 388.8
 200101   2 BOS  1.02  0.97  0.56  0.40  0.04 386.2
 200101   3 BOS  1.05  0.86  0.44  0.31  0.06 379.8
 200101   4 BOS  1.02  0.70  0.10  0.34  0.25 394.7
 200101   5 BOS  1.15  0.73  0.23  0.22  0.10 354.8
 200101   6 BOS  1.08  0.71  0.28  0.22  0.06 379.6
 200101   7 BOS  1.27  1.04  0.35  0.38  0.10 326.0
 200101   8 BOS  1.11  0.55  0.00  0.19  0.18 378.4
 200101   9 BOS  1.12  0.62  0.11  0.20  0.11 377.1
 200101  10 BOS  1.10  0.96  0.47  0.34  0.10 388.2
 200101  11 BOS  1.22  1.07  0.25  0.51  0.24 354.0
 200101  12 BOS  1.29  1.22  0.60  0.36  0.04 339.7
 200101  13 BOS  1.30  1.04  0.17  0.50  0.19 341.1
 200101  14 BOS  1.26  0.97  0.11  0.48  0.25 356.4
 200101  15 BOS  1.39  0.53  0.08  0.02  0.00 329.1
 200101  16 BOS  1.35  0.86  0.09  0.28  0.24 342.4
 200101  17 BOS  1.24  0.93  0.11  0.47  0.22 377.5
 200101  18 BOS  1.34  0.96  0.08  0.45  0.20 354.3
 200101  19 BOS  1.47  0.52  0.00  0.00  0.09 329.2
 200101  21 BOS  1.51  0.82  0.09  0.16  0.18 328.9
 200101  22 BOS  1.49  1.42  0.62  0.34  0.04 338.7
 200101  23 BOS  1.41  1.18  0.48  0.28  0.09 364.3
 200101  24 BOS  1.78  1.62  0.52  0.38  0.05 297.4
 200101  25 BOS  1.46  1.11  0.47  0.21  0.02 364.9
 200101  26 BOS  1.41  1.37  0.81  0.19  0.00 383.9
 200101  27 BOS  1.42  0.71  0.04  0.16  0.15 387.6
 200101  28 BOS  1.35  1.26  0.53  0.37  0.10 414.1
 200101  29 BOS  1.53  1.36  0.43  0.39  0.13 372.0
 200101  30 BOS  1.70  0.77  0.00  0.14  0.13 342.0
 200101  31 BOS  1.84  0.90  0.00  0.15  0.21 321.7
 200102  32 BOS  1.74  1.38  0.33  0.35  0.12 345.5
 200102  33 BOS  1.66  0.79  0.00  0.12  0.21 368.5
 200102  34 BOS  1.53  1.41  0.50  0.37  0.13 407.1
 200102  35 BOS  1.76  1.10  0.08  0.30  0.19 362.5
 200102  36 BOS  1.80  0.64  0.00  0.00  0.09 361.8
 200102  37 BOS  1.59  1.30  0.38  0.32  0.14 415.4
 200102  38 BOS  1.68  1.57  0.52  0.39  0.10 400.9
 200102  39 BOS  1.84  1.29  0.25  0.28  0.14 374.4
 200102  40 BOS  2.11  0.93  0.00  0.10  0.16 335.5
 200102  41 BOS  2.20  1.92  0.29  0.42  0.29 327.2
 200102  42 BOS  1.94  1.80  0.56  0.31  0.13 374.4
 200102  43 BOS  1.99  1.67  0.24  0.47  0.21 373.8
 200102  44 BOS  2.19  1.74  0.20  0.42  0.25 349.2
 200102  45 BOS  2.04  0.99  0.08  0.13  0.09 379.0
 200102  46 BOS  2.06  1.58  0.17  0.38  0.29 384.0
 200102  47 BOS  2.31  1.19  0.00  0.25  0.13 352.2
 200102  48 BOS  2.40  1.77  0.17  0.35  0.26 345.9
 200102  49 BOS  1.99  1.90  0.65  0.31  0.04 417.8
 200102  50 BOS  2.00  1.60  0.19  0.43  0.26 423.9
 200102  51 BOS  2.47  1.38  0.00  0.25  0.24 353.5
 200102  52 BOS  2.24  1.91  0.26  0.42  0.28 394.8
 200102  53 BOS  2.36  1.99  0.32  0.40  0.19 383.0
 200102  54 BOS  2.33  1.74  0.30  0.31  0.12 395.7
 200102  55 BOS  2.68  2.37  0.42  0.36  0.18 354.0
 200102  56 BOS  2.91  1.07  0.00  0.02  0.10 335.5
 200102  57 BOS  3.28  2.94  0.34  0.45  0.22 307.1
 200102  58 BOS  2.77  2.48  0.42  0.41  0.14 362.7
 200102  59 BOS  2.48  2.30  0.56  0.32  0.11 407.9
 200103  60 BOS  2.29  1.51  0.16  0.23  0.25 447.0
 200103  61 BOS  2.48  1.51  0.08  0.28  0.19 422.4
 200103  62 BOS  2.68  1.56  0.00  0.29  0.24 399.6
 200103  63 BOS  3.77  2.20  0.02  0.29  0.21 300.6
 200103  64 BOS  3.74  1.26  0.00  0.00  0.05 307.6
 200103  65 BOS  3.15  1.10  0.00  0.00  0.08 364.4
 200103  66 BOS  2.97  2.20  0.34  0.30  0.05 390.2
 200103  67 BOS  3.49  3.22  0.67  0.26  0.01 343.1
 200103  68 BOS  3.20  1.33  0.01  0.07  0.13 376.4
 200103  69 BOS  2.95  2.45  0.40  0.28  0.20 411.7
 200103  70 BOS  3.09  2.19  0.14  0.34  0.25 401.7
 200103  71 BOS  3.37  3.21  0.70  0.25  0.04 376.2
 200103  72 BOS  3.67  1.43  0.07  0.04  0.01 354.6
 200103  73 BOS  3.43  2.59  0.15  0.36  0.31 382.4
 200103  74 BOS  3.18  2.94  0.50  0.38  0.12 416.0
 200103  75 BOS  3.78  2.98  0.28  0.34  0.21 362.0
 200103  76 BOS  3.66  2.46  0.15  0.30  0.20 377.9
 200103  77 BOS  3.33  2.38  0.30  0.21  0.18 417.2
 200103  78 BOS  3.32  2.77  0.50  0.26  0.07 424.3
 200103  79 BOS  3.96  3.55  0.58  0.28  0.06 367.6
 200103  80 BOS  3.71  1.80  0.04  0.13  0.16 394.6
 200103  81 BOS  3.73  1.22  0.00  0.00  0.03 398.2
 200103  82 BOS  3.98  1.89  0.00  0.09  0.26 380.9
 200103  83 BOS  3.60  3.31  0.46  0.39  0.16 422.1
 200103  84 BOS  3.92  3.55  0.41  0.41  0.18 396.6
 200103  85 BOS  3.77  2.07  0.13  0.11  0.20 416.4
 200103  86 BOS  3.64  3.38  0.55  0.33  0.12 435.3
 200103  87 BOS  3.54  3.04  0.38  0.32  0.24 451.4
 200103  88 BOS  3.69  2.64  0.12  0.39  0.23 440.9
 200103  89 BOS  4.75  1.50  0.00  0.00  0.00 357.0
 200103  90 BOS  4.96  3.19  0.09  0.29  0.24 347.4
 200104  91 BOS  4.43  2.21  0.00  0.18  0.19 387.9
 200104  92 BOS  4.50  2.32  0.06  0.00  0.39 387.2
 200104  93 BOS  4.50  2.80  0.08  0.18  0.36 391.4
 200104  94 BOS  4.53  3.60  0.24  0.34  0.29 393.1
 200104  95 BOS  4.55  4.13  0.35  0.53  0.12 396.0
 200104  96 BOS  4.45  2.00  0.05  0.08  0.13 407.8
 200104  97 BOS  5.08  3.99  0.26  0.40  0.15 367.6
 200104  98 BOS  5.90  3.23  0.07  0.24  0.11 326.1
 200104  99 BOS  5.55  4.65  0.21  0.45  0.29 347.3
 200104 100 BOS  5.34  4.13  0.20  0.33  0.32 362.6
 200104 101 BOS  5.98  4.32  0.21  0.28  0.25 332.5
 200104 102 BOS  6.67  2.48  0.04  0.05  0.00 305.8
 200104 103 BOS  5.83  4.52  0.06  0.46  0.37 345.6
 200104 104 BOS  4.65  4.25  0.39  0.47  0.15 423.3
 200104 105 BOS  4.22  3.74  0.26  0.56  0.17 466.3
 200104 106 BOS  4.42  3.27  0.19  0.31  0.28 450.9
 200104 107 BOS  4.30  2.18  0.06  0.12  0.20 466.5
 200104 108 BOS  4.50  2.83  0.15  0.21  0.22 451.2
 200104 109 BOS  4.43  3.96  0.23  0.60  0.18 461.6
 200104 110 BOS  4.85  4.01  0.23  0.50  0.16 429.6
 200104 111 BOS  5.18  3.09  0.00  0.21  0.39 409.1
 200104 112 BOS  6.03  4.74  0.14  0.47  0.25 361.1
 200104 113 BOS  6.26  5.19  0.31  0.41  0.16 352.1
 200104 114 BOS  6.87  5.31  0.10  0.51  0.23 327.4
 200104 115 BOS  6.24  5.18  0.28  0.44  0.17 357.6
 200104 116 BOS  6.38  5.20  0.29  0.48  0.06 353.0
 200104 117 BOS  6.74  5.54  0.25  0.46  0.17 339.4
 200104 118 BOS  5.32  4.76  0.30  0.53  0.17 418.5
 200104 119 BOS  5.65  5.18  0.43  0.47  0.09 399.5
 200104 120 BOS  5.76  4.04  0.28  0.26  0.11 395.3
 200105 121 BOS  5.81  5.22  0.34  0.58  0.04 395.1
 200105 122 BOS  6.49  5.95  0.36  0.56  0.08 361.3
 200105 123 BOS  7.53  6.94  0.34  0.62  0.04 320.1
 200105 124 BOS  7.16  5.69  0.17  0.50  0.18 336.0
 200105 125 BOS  6.84  4.91  0.06  0.41  0.30 350.1
 200105 126 BOS  7.00  6.51  0.41  0.56  0.03 345.5
 200105 127 BOS  7.40  6.94  0.44  0.56  0.00 331.3
 200105 128 BOS  6.60  6.21  0.47  0.53  0.00 366.9
 200105 129 BOS  7.05  5.89  0.29  0.50  0.08 348.0
 200105 130 BOS  6.86  6.29  0.32  0.62  0.06 358.3
 200105 131 BOS  6.98  6.19  0.32  0.57  0.06 354.7
 200105 132 BOS  6.73  4.99  0.13  0.47  0.16 367.1
 200105 133 BOS  6.30  5.20  0.16  0.53  0.23 389.7
 200105 134 BOS  6.15  4.83  0.21  0.38  0.26 398.6
 200105 135 BOS  5.91  3.35  0.08  0.19  0.21 415.7
 200105 136 BOS  6.49  5.83  0.24  0.66  0.09 385.3
 200105 137 BOS  6.49  5.83  0.24  0.66  0.09 385.3
 200105 138 BOS  7.04  4.82  0.00  0.41  0.32 361.0
 200105 139 BOS  7.39  5.07  0.00  0.37  0.38 347.4
 200105 140 BOS  7.50  5.74  0.16  0.44  0.21 344.4
 200105 141 BOS  7.75  5.49  0.13  0.39  0.19 336.1
 200105 142 BOS  7.85  3.27  0.03  0.11  0.04 333.3
 200105 143 BOS  7.98  4.06  0.03  0.24  0.08 329.2
 200105 144 BOS  8.25  4.92  0.13  0.29  0.06 321.1
 200105 145 BOS  8.13  6.04  0.18  0.42  0.15 325.7
 200105 146 BOS  7.37  3.00  0.04  0.04  0.10 354.3
 200105 147 BOS  7.66  3.23  0.02  0.04  0.17 344.1
 200105 148 BOS  7.84  5.58  0.00  0.40  0.40 338.0
 200105 149 BOS  7.62  5.84  0.07  0.51  0.26 346.7
 200105 150 BOS  6.38  5.05  0.00  0.48  0.48 404.3
 200105 151 BOS  6.61  5.53  0.09  0.54  0.36 393.3
 200106 152 BOS  6.94  6.33  0.29  0.66  0.04 377.2
 200106 153 BOS  7.67  2.93  0.00  0.07  0.06 347.2
 200106 154 BOS  7.86  3.56  0.00  0.18  0.08 341.1
 200106 155 BOS  7.92  5.73  0.00  0.37  0.47 339.3
 200106 156 BOS  7.85  6.55  0.05  0.61  0.32 342.3
 200106 157 BOS  7.33  6.22  0.08  0.60  0.32 363.0
 200106 158 BOS  7.40  6.38  0.17  0.63  0.16 360.6
 200106 159 BOS  7.44  6.08  0.17  0.56  0.15 359.2
 200106 160 BOS  7.40  6.14  0.18  0.57  0.15 361.5
 200106 161 BOS  6.93  5.70  0.19  0.51  0.20 382.2
 200106 162 BOS  7.15  4.39  0.04  0.29  0.25 372.2
 200106 163 BOS  7.40  5.91  0.08  0.55  0.27 362.2
 200106 164 BOS  8.88  7.39  0.12  0.63  0.17 311.0
 200106 165 BOS 10.07  8.30  0.16  0.62  0.10 280.0
 200106 166 BOS  9.75  8.94  0.27  0.70  0.03 287.9
 200106 167 BOS  9.21  7.21  0.13  0.54  0.16 301.4
 200106 168 BOS  8.65  4.47  0.00  0.12  0.32 318.3
 200106 169 BOS  8.21  7.48  0.27  0.67  0.06 332.5
 200106 170 BOS  8.90  7.58  0.26  0.60  0.03 311.0
 200106 171 BOS  8.62  6.86  0.17  0.55  0.11 319.3
 200106 172 BOS  8.70  4.32  0.00  0.17  0.20 316.8
 200106 173 BOS  8.63  5.73  0.03  0.41  0.22 318.8
 200106 174 BOS  9.30  5.08  0.00  0.20  0.28 299.4
 200106 175 BOS 10.06  5.23  0.00  0.16  0.27 280.3
 200106 176 BOS  9.57  5.79  0.00  0.30  0.28 292.2
 200106 177 BOS 10.31  9.19  0.20  0.66  0.14 274.0
 200106 178 BOS  9.34  8.38  0.22  0.66  0.12 297.5
 200106 179 BOS  8.52  6.81  0.13  0.54  0.20 321.3
 200106 180 BOS  8.40  5.94  0.17  0.37  0.15 324.7
 200106 181 BOS  8.57  7.10  0.08  0.60  0.27 319.5
 200107 182 BOS  9.08  7.26  0.03  0.58  0.31 303.8
 200107 183 BOS  7.72  6.80  0.17  0.64  0.19 347.5
 200107 184 BOS  8.72  6.97  0.14  0.55  0.17 313.8
 200107 185 BOS  7.71  3.81  0.00  0.16  0.21 347.4
 200107 186 BOS  7.92  6.77  0.05  0.68  0.27 339.2
 200107 187 BOS  8.56  6.87  0.06  0.55  0.31 317.4
 200107 188 BOS  8.59  7.34  0.21  0.57  0.16 316.1
 200107 189 BOS  8.03  3.46  0.00  0.05  0.21 333.9
 200107 190 BOS  8.26  6.28  0.00  0.56  0.29 325.2
 200107 191 BOS  8.08  5.87  0.00  0.46  0.35 331.1
 200107 192 BOS  7.60  5.30  0.00  0.41  0.35 347.8
 200107 193 BOS  7.51  5.70  0.00  0.46  0.43 350.4
 200107 194 BOS  7.52  6.27  0.11  0.60  0.23 349.1
 200107 195 BOS  7.39  5.67  0.03  0.51  0.33 353.7
 200107 196 BOS  7.38  5.94  0.06  0.59  0.26 353.4
 200107 197 BOS  7.88  6.49  0.11  0.62  0.18 333.7
 200107 198 BOS  7.78  4.20  0.00  0.11  0.39 336.7
 200107 199 BOS  7.55  5.49  0.03  0.49  0.26 344.1
 200107 200 BOS  8.06  6.37  0.10  0.58  0.17 324.9
 200107 201 BOS  7.93  7.11  0.30  0.63  0.03 328.8
 200107 202 BOS  7.88  7.25  0.33  0.63  0.04 329.6
 200107 203 BOS  7.67  6.40  0.22  0.54  0.14 336.2
 200107 204 BOS  8.13  7.17  0.19  0.62  0.19 318.9
 200107 206 BOS  8.62  7.49  0.11  0.67  0.22 301.4
 200107 207 BOS  8.48  5.54  0.05  0.43  0.13 304.5
 200107 208 BOS  8.08  6.94  0.21  0.60  0.13 316.4
 200107 209 BOS  8.29  7.01  0.18  0.61  0.13 308.4
 200107 210 BOS  7.50  6.16  0.13  0.60  0.17 334.3
 200107 211 BOS  7.52  5.53  0.11  0.46  0.19 332.3
 200107 212 BOS  8.06  6.85  0.26  0.56  0.08 312.2
 200108 213 BOS  8.00  7.47  0.34  0.66  0.01 312.6
 200108 214 BOS  8.22  7.47  0.29  0.65  0.05 304.2
 200108 215 BOS  7.83  6.25  0.07  0.56  0.27 315.5
 200108 216 BOS  7.56  3.96  0.00  0.16  0.28 323.1
 200108 217 BOS  7.51  6.13  0.14  0.55  0.21 323.1
 200108 218 BOS  7.47  6.62  0.19  0.64  0.17 323.1
 200108 219 BOS  7.43  6.31  0.12  0.59  0.27 323.1
 200108 220 BOS  7.39  6.48  0.14  0.67  0.19 323.1
 200108 221 BOS  8.33  7.22  0.19  0.60  0.18 290.9
 200108 222 BOS  8.05  6.45  0.07  0.53  0.32 297.5
 200108 223 BOS  8.77  6.44  0.06  0.51  0.20 275.1
 200108 224 BOS  8.46  3.43  0.00  0.09  0.09 282.1
 200108 225 BOS  8.34  4.67  0.01  0.24  0.24 283.6
 200108 226 BOS  8.15  4.50  0.00  0.23  0.25 287.4
 200108 227 BOS  8.03  6.86  0.24  0.62  0.04 289.2
 200108 228 BOS  8.27  7.43  0.27  0.64  0.07 280.1
 200108 229 BOS  8.15  5.59  0.04  0.40  0.27 281.8
 200108 230 BOS  7.58  6.65  0.14  0.67  0.19 297.4
 200108 231 BOS  7.45  4.26  0.00  0.25  0.27 299.5
 200108 232 BOS  7.52  3.81  0.02  0.15  0.22 295.1
 200108 233 BOS  7.96  5.00  0.00  0.34  0.28 279.4
 200108 234 BOS  7.96  6.93  0.14  0.63  0.23 276.7
 200108 235 BOS  7.57  5.46  0.11  0.45  0.17 286.8
 200108 236 BOS  7.08  4.57  0.03  0.35  0.26 300.7
 200108 237 BOS  6.92  6.14  0.32  0.61  0.00 303.9
 200108 238 BOS  7.18  6.50  0.29  0.60  0.11 292.6
 200108 239 BOS  7.05  4.04  0.04  0.22  0.25 294.6
 200108 240 BOS  6.75  5.11  0.06  0.50  0.27 302.6
 200108 241 BOS  7.00  6.11  0.18  0.58  0.24 291.6
 200108 242 BOS  7.25  6.28  0.20  0.63  0.12 280.2
 200108 243 BOS  6.76  4.47  0.06  0.32  0.29 294.5
 200109 244 BOS  6.48  5.31  0.08  0.52  0.36 301.7
 200109 245 BOS  6.65  5.78  0.23  0.63  0.08 292.8
 200109 246 BOS  7.31  6.22  0.28  0.54  0.08 268.0
 200109 247 BOS  6.46  4.86  0.09  0.45  0.28 294.1
 200109 248 BOS  6.34  5.24  0.18  0.50  0.24 295.3
 200109 249 BOS  6.50  6.02  0.42  0.52  0.06 286.5
 200109 250 BOS  6.44  5.88  0.39  0.56  0.02 286.0
 200109 251 BOS  6.86  6.19  0.34  0.50  0.16 268.1
 200109 252 BOS  6.86  6.21  0.32  0.56  0.12 265.4
 200109 253 BOS  6.43  5.36  0.25  0.48  0.17 276.5
 200109 254 BOS  5.59  5.06  0.28  0.62  0.10 308.0
 200109 255 BOS  5.43  4.61  0.31  0.53  0.04 312.1
 200109 256 BOS  5.73  4.49  0.27  0.42  0.10 294.3
 200109 257 BOS  5.48  2.21  0.02  0.03  0.14 302.0
 200109 258 BOS  5.23  4.64  0.29  0.59  0.08 310.4
 200109 259 BOS  5.14  4.68  0.30  0.62  0.08 311.3
 200109 260 BOS  5.23  4.63  0.32  0.58  0.04 302.6
 200109 261 BOS  5.19  3.97  0.24  0.39  0.15 300.5
 200109 263 BOS  5.39  2.71  0.06  0.06  0.27 283.8
 200109 264 BOS  5.27  2.36  0.12  0.06  0.04 285.6
 200109 265 BOS  5.40  3.08  0.00  0.24  0.28 275.6
 200109 266 BOS  5.15  3.78  0.08  0.43  0.28 283.3
 200109 267 BOS  5.11  3.81  0.11  0.49  0.17 280.8
 200109 268 BOS  5.30  2.01  0.02  0.00  0.12 268.5
 200109 269 BOS  5.31  4.46  0.15  0.53  0.28 264.6
 200109 270 BOS  5.24  3.16  0.03  0.27  0.27 263.7
 200109 271 BOS  4.61  2.46  0.00  0.17  0.29 289.5
 200109 272 BOS  4.49  3.55  0.17  0.50  0.17 291.7
 200110 274 BOS  4.47  3.05  0.21  0.28  0.15 284.3
 200110 275 BOS  4.13  3.35  0.35  0.36  0.12 299.3
 200110 276 BOS  4.14  3.43  0.36  0.37  0.13 294.2
 200110 277 BOS  4.23  3.59  0.27  0.47  0.19 284.2
 200110 278 BOS  4.07  3.42  0.32  0.43  0.14 289.0
 200110 279 BOS  3.70  1.90  0.03  0.10  0.29 308.8
 200110 280 BOS  3.39  3.03  0.36  0.41  0.24 327.9
 200110 281 BOS  3.28  3.03  0.54  0.32  0.14 331.4
 200110 282 BOS  3.56  3.37  0.60  0.35  0.05 303.3
 200110 283 BOS  3.59  3.16  0.41  0.39  0.15 296.9
 200110 284 BOS  3.64  3.31  0.33  0.55  0.12 288.3
 200110 285 BOS  3.66  3.03  0.41  0.36  0.06 282.1
 200110 286 BOS  3.75  2.45  0.34  0.18  0.01 271.6
 200110 287 BOS  3.96  2.49  0.29  0.19  0.02 255.2
 200110 288 BOS  3.52  2.72  0.32  0.29  0.18 277.2
 200110 289 BOS  3.08  1.95  0.15  0.27  0.14 305.6
 200110 290 BOS  2.86  2.27  0.27  0.33  0.25 320.5
 200110 291 BOS  2.85  2.64  0.54  0.32  0.14 315.5
 200110 292 BOS  3.04  2.71  0.31  0.52  0.16 293.6
 200110 293 BOS  2.96  2.27  0.18  0.45  0.17 295.3
 200110 294 BOS  3.02  2.38  0.33  0.32  0.15 285.3
 200110 295 BOS  2.92  2.18  0.24  0.36  0.15 289.4
 200110 296 BOS  2.84  1.49  0.06  0.21  0.11 291.2
 200110 297 BOS  2.96  1.63  0.06  0.20  0.19 274.9
 200110 298 BOS  3.34  1.89  0.12  0.19  0.14 243.8
 200110 299 BOS  2.52  1.92  0.18  0.39  0.24 305.7
 200110 300 BOS  2.09  1.74  0.45  0.28  0.12 355.2
 200110 301 BOS  2.28  2.14  0.56  0.37  0.07 321.1
 200110 302 BOS  2.55  2.15  0.43  0.37  0.05 286.4
 200110 303 BOS  2.21  2.07  0.64  0.26  0.09 320.9
 200110 304 BOS  2.24  1.35  0.08  0.27  0.18 311.3
 200111 305 BOS  2.40  1.61  0.20  0.24  0.19 287.5
 200111 306 BOS  2.85  1.90  0.16  0.29  0.18 243.5
 200111 307 BOS  2.73  1.90  0.15  0.31  0.24 247.8
 200111 308 BOS  2.31  1.67  0.15  0.40  0.18 281.8
 200111 309 BOS  1.92  1.03  0.12  0.12  0.17 327.4
 200111 310 BOS  1.91  1.47  0.43  0.24  0.06 322.0
 200111 311 BOS  1.97  1.79  0.41  0.45  0.13 306.9
 200111 312 BOS  1.79  1.51  0.40  0.36  0.11 330.5
 200111 313 BOS  1.72  1.41  0.26  0.39  0.25 338.0
 200111 314 BOS  1.73  1.00  0.11  0.17  0.22 331.9
 200111 315 BOS  1.66  1.51  0.50  0.35  0.13 338.5
 200111 316 BOS  1.66  1.53  0.47  0.39  0.15 332.4
 200111 317 BOS  1.71  1.52  0.45  0.42  0.06 318.8
 200111 318 BOS  1.71  1.20  0.10  0.39  0.22 313.3
 200111 319 BOS  1.80  1.58  0.30  0.54  0.12 294.2
 200111 320 BOS  1.78  1.42  0.31  0.35  0.18 292.5
 200111 321 BOS  1.66  1.26  0.36  0.32  0.03 305.1
 200111 322 BOS  1.72  1.50  0.40  0.45  0.07 292.5
 200111 323 BOS  1.64  1.32  0.29  0.42  0.12 300.6
 200111 324 BOS  1.48  0.71  0.00  0.11  0.24 326.1
 200111 325 BOS  1.39  1.26  0.55  0.35  0.03 341.9
 200111 326 BOS  1.60  1.34  0.36  0.41  0.10 296.8
 200111 327 BOS  1.58  1.12  0.34  0.27  0.02 295.6
 200111 328 BOS  1.65  1.23  0.46  0.20  0.00 279.7
 200111 329 BOS  1.68  0.88  0.06  0.20  0.12 271.0
 200111 330 BOS  1.56  1.05  0.32  0.22  0.03 287.3
 200111 331 BOS  1.48  0.94  0.25  0.21  0.08 297.4
 200111 332 BOS  1.48  0.89  0.10  0.23  0.21 293.9
 200111 333 BOS  1.73  0.61  0.05  0.00  0.00 252.2
 200111 334 BOS  1.73  0.84  0.06  0.12  0.14 249.6
 200112 335 BOS  1.77  1.44  0.22  0.45  0.21 242.7
 200112 336 BOS  1.56  1.15  0.09  0.45  0.24 270.2
 200112 337 BOS  1.46  1.12  0.18  0.44  0.18 284.0
 200112 338 BOS  1.48  1.16  0.20  0.44  0.19 278.0
 200112 339 BOS  1.61  1.13  0.23  0.33  0.10 254.7
 200112 340 BOS  1.69  0.98  0.00  0.27  0.27 242.6
 200112 341 BOS  1.29  1.00  0.20  0.45  0.16 307.3
 200112 342 BOS  1.30  0.91  0.21  0.31  0.16 303.2
 200112 343 BOS  1.28  0.72  0.13  0.19  0.12 306.1
 200112 344 BOS  1.34  1.24  0.54  0.40  0.04 292.8
 200112 345 BOS  1.48  1.33  0.41  0.47  0.09 266.2
 200112 346 BOS  1.41  0.96  0.43  0.12  0.00 275.2
 200112 347 BOS  1.43  0.48  0.00  0.00  0.05 271.4
 200112 348 BOS  1.32  0.59  0.00  0.15  0.11 292.1
 200112 349 BOS  1.32  0.97  0.37  0.21  0.11 289.7
 200112 350 BOS  1.29  1.12  0.47  0.36  0.06 295.7
 200112 351 BOS  1.21  0.49  0.00  0.05  0.14 312.9
 200112 352 BOS  1.15  0.64  0.00  0.27  0.19 326.7
 200112 353 BOS  1.22  0.94  0.17  0.43  0.21 309.4
 200112 354 BOS  1.20  0.54  0.03  0.13  0.10 315.2
 200112 355 BOS  1.11  0.69  0.15  0.25  0.15 342.0
 200112 356 BOS  1.15  1.10  0.64  0.33  0.04 329.3
 200112 357 BOS  1.29  1.06  0.32  0.42  0.12 295.7
 200112 358 BOS  1.16  0.53  0.07  0.10  0.10 328.4
 200112 359 BOS  1.20  1.02  0.34  0.42  0.14 316.8
 200112 360 BOS  1.19  0.68  0.07  0.25  0.16 319.8
 200112 361 BOS  1.02  0.82  0.40  0.30  0.10 373.4
 200112 362 BOS  1.10  0.86  0.21  0.45  0.16 347.0
 200112 363 BOS  1.04  0.76  0.20  0.33  0.23 367.9
 200112 364 BOS  1.00  0.81  0.38  0.29  0.16 381.9
 200112 365 BOS  1.09  0.96  0.44  0.38  0.12 350.8
