 BOS 20020101  1.04  0.97  0.55  0.36  0.08 376.5
 BOS 20020102  1.14  1.08  0.57  0.38  0.06 346.3
 BOS 20020103  1.14  1.05  0.42  0.46  0.13 350.3
 BOS 20020104  1.10  0.93  0.35  0.40  0.14 365.3
 BOS 20020105  1.25  0.85  0.09  0.38  0.20 327.3
 BOS 20020106  1.30  0.62  0.00  0.14  0.20 318.4
 BOS 20020107  1.33  0.51  0.00  0.04  0.11 312.2
 BOS 20020108  1.23  1.05  0.45  0.32  0.11 340.5
 BOS 20020109  1.20  0.64  0.02  0.21  0.20 351.3
 BOS 20020110  1.23  0.98  0.29  0.37  0.18 347.8
 BOS 20020111  1.20  0.76  0.02  0.35  0.25 359.7
 BOS 20020112  1.20  1.08  0.45  0.42  0.09 363.9
 BOS 20020113  1.29  0.70  0.03  0.21  0.22 345.3
 BOS 20020114  1.38  1.19  0.35  0.39  0.20 327.3
 BOS 20020115  1.39  0.68  0.01  0.18  0.15 330.0
 BOS 20020116  1.42  1.28  0.43  0.41  0.14 327.2
 BOS 20020117  1.38  0.70  0.00  0.16  0.24 340.7
 BOS 20020118  1.20  0.94  0.20  0.40  0.25 396.2
 BOS 20020119  1.32  0.70  0.00  0.21  0.22 364.1
 BOS 20020120  1.31  1.13  0.42  0.38  0.10 373.6
 BOS 20020121  1.63  0.75  0.00  0.13  0.17 307.1
 BOS 20020122  1.45  1.33  0.45  0.41  0.14 347.2
 BOS 20020123  1.70  1.14  0.14  0.34  0.15 305.1
 BOS 20020124  1.68  0.62  0.00  0.01  0.11 314.7
 BOS 20020125  1.46  1.32  0.49  0.37  0.10 364.7
 BOS 20020126  1.63  1.21  0.07  0.46  0.28 334.2
 BOS 20020127  1.82  1.32  0.15  0.37  0.23 306.3
 BOS 20020128  1.94  1.79  0.48  0.40  0.12 293.0
 BOS 20020129  2.08  1.31  0.05  0.33  0.22 280.1
 BOS 20020130  2.26  0.95  0.00  0.07  0.16 263.8
 BOS 20020131  2.60  0.94  0.00  0.01  0.10 236.5
 BOS 20020201  2.69  1.23  0.00  0.16  0.12 234.3
 BOS 20020202  1.95  1.82  0.56  0.33  0.11 317.3
 BOS 20020203  1.76  1.16  0.11  0.31  0.22 356.4
 BOS 20020204  1.58  0.82  0.08  0.14  0.17 402.0
 BOS 20020205  1.60  1.43  0.35  0.44  0.20 403.8
 BOS 20020206  1.71  1.36  0.20  0.43  0.23 387.6
 BOS 20020207  2.10  1.03  0.00  0.16  0.20 324.9
 BOS 20020208  2.18  1.87  0.29  0.44  0.22 318.9
 BOS 20020209  2.54  2.33  0.60  0.27  0.10 283.4
 BOS 20020210  2.32  1.52  0.23  0.26  0.08 312.4
 BOS 20020211  1.98  1.61  0.18  0.45  0.28 368.5
 BOS 20020212  2.06  1.36  0.03  0.37  0.27 361.6
 BOS 20020213  1.90  1.69  0.35  0.42  0.23 399.2
 BOS 20020214  2.26  2.00  0.47  0.35  0.12 344.9
 BOS 20020215  2.26  2.00  0.29  0.49  0.22 352.0
 BOS 20020216  2.18  1.52  0.14  0.30  0.27 370.0
 BOS 20020217  2.18  0.81  0.00  0.00  0.13 376.3
 BOS 20020218  2.34  2.01  0.67  0.16  0.00 359.8
 BOS 20020219  2.46  2.23  0.45  0.40  0.13 348.9
 BOS 20020220  2.49  1.56  0.04  0.35  0.20 350.7
 BOS 20020221  2.67  1.52  0.17  0.15  0.13 336.7
 BOS 20020222  2.66  1.62  0.00  0.30  0.29 343.7
 BOS 20020223  2.40  2.06  0.25  0.49  0.21 384.6
 BOS 20020224  2.67  2.11  0.43  0.27  0.07 355.9
 BOS 20020225  3.09  2.16  0.22  0.31  0.13 318.2
 BOS 20020226  2.75  1.91  0.03  0.41  0.29 358.7
 BOS 20020227  3.13  1.33  0.00  0.06  0.18 324.8
 BOS 20020228  2.67  2.47  0.50  0.37  0.14 381.9
 BOS 20020301  3.03  2.69  0.33  0.44  0.23 346.1
 BOS 20020302  3.45  2.31  0.17  0.28  0.19 313.9
 BOS 20020303  3.55  1.35  0.05  0.03  0.03 311.6
 BOS 20020304  3.15  2.73  0.26  0.47  0.25 351.7
 BOS 20020305  3.02  2.62  0.43  0.35  0.14 372.2
 BOS 20020306  3.14  2.11  0.19  0.25  0.20 364.9
 BOS 20020307  3.48  2.17  0.08  0.26  0.25 339.1
 BOS 20020308  3.80  2.82  0.35  0.25  0.11 318.6
 BOS 20020310  3.92  3.38  0.23  0.43  0.34 319.6
 BOS 20020311  3.07  2.71  0.27  0.47  0.27 403.0
 BOS 20020312  3.34  1.95  0.00  0.29  0.24 379.5
 BOS 20020313  3.83  1.32  0.00  0.00  0.07 341.9
 BOS 20020314  4.73  3.90  0.31  0.37  0.21 289.6
 BOS 20020315  5.96  2.96  0.13  0.11  0.07 241.7
 BOS 20020316  5.10  2.63  0.00  0.16  0.26 279.1
 BOS 20020317  4.77  4.15  0.56  0.26  0.06 299.7
 BOS 20020318  4.99  2.32  0.00  0.15  0.15 292.8
 BOS 20020319  4.29  2.94  0.27  0.23  0.13 338.1
 BOS 20020320  4.77  2.10  0.00  0.08  0.19 313.3
 BOS 20020321  4.08  3.17  0.20  0.39  0.24 363.3
 BOS 20020322  3.53  3.23  0.50  0.33  0.17 418.2
 BOS 20020323  3.49  3.13  0.41  0.36  0.23 428.1
 BOS 20020324  3.99  3.31  0.12  0.50  0.35 385.7
 BOS 20020325  4.78  3.09  0.07  0.29  0.28 333.9
 BOS 20020326  5.74  2.71  0.12  0.05  0.11 289.1
 BOS 20020327  5.47  3.27  0.01  0.27  0.29 304.8
 BOS 20020328  4.62  4.28  0.53  0.33  0.15 356.9
 BOS 20020329  4.41  3.45  0.22  0.40  0.21 375.7
 BOS 20020330  4.51  2.12  0.04  0.09  0.18 373.1
 BOS 20020331  5.06  2.50  0.04  0.16  0.14 341.8
 BOS 20020401  5.05  2.62  0.00  0.16  0.27 346.8
 BOS 20020402  5.09  3.16  0.12  0.18  0.29 348.4
 BOS 20020403  4.81  2.63  0.00  0.23  0.24 369.5
 BOS 20020404  4.40  3.90  0.21  0.59  0.21 403.2
 BOS 20020405  5.22  3.99  0.07  0.48  0.30 351.3
 BOS 20020406  4.24  2.97  0.18  0.39  0.09 425.1
 BOS 20020407  4.51  3.87  0.30  0.48  0.15 407.3
 BOS 20020408  4.90  2.90  0.10  0.23  0.18 382.8
 BOS 20020409  5.94  2.75  0.05  0.06  0.19 327.6
 BOS 20020410  7.24  6.46  0.37  0.45  0.16 280.3
 BOS 20020411  7.90  5.83  0.30  0.32  0.08 263.2
 BOS 20020412  7.09  6.51  0.41  0.56  0.00 290.6
 BOS 20020413  6.76  3.54  0.12  0.12  0.14 304.8
 BOS 20020414  5.97  3.82  0.04  0.30  0.30 341.4
 BOS 20020415  6.52  3.79  0.04  0.17  0.34 319.6
 BOS 20020416  7.64  6.84  0.30  0.62  0.04 282.2
 BOS 20020417  7.71  6.74  0.23  0.56  0.19 282.3
 BOS 20020418  7.33  6.63  0.28  0.61  0.11 296.8
 BOS 20020419  6.91  5.22  0.08  0.48  0.26 314.6
 BOS 20020420  6.49  4.76  0.20  0.36  0.18 334.4
 BOS 20020421  6.47  5.35  0.18  0.50  0.24 338.0
 BOS 20020422  7.21  2.63  0.00  0.00  0.12 310.8
 BOS 20020423  6.49  4.10  0.02  0.24  0.40 341.8
 BOS 20020424  6.38  4.93  0.14  0.44  0.26 348.7
 BOS 20020425  6.15  3.91  0.12  0.34  0.10 362.1
 BOS 20020426  5.23  4.41  0.10  0.56  0.33 419.0
 BOS 20020427  6.13  5.27  0.25  0.54  0.15 367.8
 BOS 20020428  6.23  2.28  0.00  0.00  0.12 365.2
 BOS 20020429  6.13  2.68  0.00  0.01  0.28 372.5
 BOS 20020430  5.88  4.04  0.03  0.33  0.39 389.0
 BOS 20020501  5.73  4.78  0.12  0.55  0.29 399.7
 BOS 20020503  6.08  4.97  0.06  0.44  0.50 384.0
 BOS 20020504  7.68  7.17  0.38  0.62  0.00 316.5
 BOS 20020505  7.29  6.19  0.25  0.53  0.14 332.5
 BOS 20020506  6.46  5.46  0.27  0.52  0.11 369.6
 BOS 20020507  7.01  4.01  0.02  0.20  0.31 346.6
 BOS 20020508  7.29  6.12  0.35  0.46  0.05 337.3
 BOS 20020509  8.62  3.76  0.00  0.08  0.18 294.3
 BOS 20020510  8.78  7.90  0.25  0.63  0.12 291.4
 BOS 20020511  7.70  6.91  0.27  0.59  0.14 326.8
 BOS 20020512  7.66  2.77  0.00  0.00  0.11 329.1
 BOS 20020513  7.46  2.70  0.00  0.00  0.11 337.7
 BOS 20020514  7.72  4.92  0.00  0.23  0.46 329.2
 BOS 20020515  6.89  5.08  0.06  0.31  0.49 363.8
 BOS 20020516  7.12  5.70  0.19  0.50  0.16 354.7
 BOS 20020517  7.13  5.46  0.03  0.52  0.31 355.5
 BOS 20020518  7.44  2.90  0.00  0.00  0.18 344.4
 BOS 20020519  7.41  6.04  0.09  0.58  0.25 346.8
 BOS 20020520  7.89  6.19  0.09  0.54  0.23 329.9
 BOS 20020521  7.17  5.29  0.07  0.42  0.32 358.8
 BOS 20020522  7.10  6.35  0.29  0.59  0.10 362.8
 BOS 20020523  7.27  6.76  0.35  0.65  0.00 356.2
 BOS 20020524  6.62  4.93  0.09  0.45  0.26 386.5
 BOS 20020525  7.24  6.55  0.31  0.59  0.09 359.2
 BOS 20020526  8.23  5.17  0.05  0.36  0.17 323.0
 BOS 20020527  8.22  6.17  0.07  0.49  0.25 323.9
 BOS 20020528  8.35  6.07  0.04  0.45  0.30 320.7
 BOS 20020529  8.30  4.68  0.00  0.25  0.25 322.9
 BOS 20020530  8.03  4.90  0.07  0.27  0.22 333.0
 BOS 20020531  8.12  4.78  0.00  0.30  0.24 330.3
 BOS 20020601  8.71  7.68  0.22  0.57  0.21 312.2
 BOS 20020602  7.25  6.03  0.10  0.56  0.30 364.4
 BOS 20020603  7.66  6.95  0.27  0.64  0.09 348.0
 BOS 20020604  8.81  6.50  0.14  0.45  0.16 310.3
 BOS 20020605  9.14  5.76  0.06  0.33  0.20 301.1
 BOS 20020606  8.95  4.91  0.02  0.30  0.11 307.0
 BOS 20020607  8.80  5.16  0.03  0.29  0.20 311.8
 BOS 20020608 10.02  8.08  0.20  0.50  0.16 280.1
 BOS 20020609  8.44  7.39  0.12  0.67  0.22 323.4
 BOS 20020611  8.97  6.47  0.07  0.49  0.18 308.1
 BOS 20020612  9.37  3.96  0.00  0.07  0.16 297.0
 BOS 20020613  9.32  7.06  0.05  0.54  0.23 298.3
 BOS 20020614  9.91  3.66  0.00  0.00  0.13 283.8
 BOS 20020615  8.88  3.09  0.00  0.02  0.05 311.2
 BOS 20020616  9.20  6.29  0.00  0.38  0.36 302.2
 BOS 20020617  8.65  6.73  0.04  0.53  0.31 318.0
 BOS 20020618  7.77  6.33  0.10  0.56  0.26 348.1
 BOS 20020619  8.12  6.46  0.14  0.58  0.12 335.8
 BOS 20020620  8.42  7.66  0.29  0.68  0.01 325.7
 BOS 20020621  8.09  7.29  0.24  0.65  0.11 336.6
 BOS 20020622  7.69  4.90  0.03  0.37  0.21 350.8
 BOS 20020623  8.10  5.95  0.05  0.45  0.30 336.0
 BOS 20020624  8.66  7.83  0.26  0.64  0.10 317.5
 BOS 20020625  9.11  6.86  0.16  0.44  0.18 304.3
 BOS 20020626  8.60  6.68  0.07  0.55  0.23 319.2
 BOS 20020627  8.77  6.56  0.00  0.49  0.36 314.0
 BOS 20020628  8.88  6.96  0.00  0.58  0.32 310.5
 BOS 20020629  9.72  8.26  0.20  0.63  0.08 288.0
 BOS 20020630  9.97  8.38  0.18  0.56  0.19 281.8
 BOS 20020701  8.01  5.20  0.06  0.25  0.36 337.7
 BOS 20020702  8.24  6.93  0.18  0.59  0.15 329.3
 BOS 20020703  8.50  6.97  0.09  0.63  0.19 320.5
 BOS 20020704  8.92  7.43  0.13  0.64  0.14 307.3
 BOS 20020705  8.90  7.66  0.09  0.65  0.26 307.5
 BOS 20020706  8.42  5.93  0.00  0.38  0.41 321.7
 BOS 20020707  8.13  6.59  0.13  0.51  0.27 330.7
 BOS 20020708  8.10  7.18  0.19  0.69  0.10 331.3
 BOS 20020709  9.15  7.12  0.02  0.54  0.33 298.9
 BOS 20020710  8.59  7.57  0.13  0.71  0.16 315.0
 BOS 20020711  7.43  6.61  0.20  0.65  0.15 354.6
 BOS 20020712  7.92  6.99  0.21  0.66  0.10 335.2
 BOS 20020713  7.54  6.33  0.16  0.61  0.15 348.4
 BOS 20020714  7.76  6.22  0.09  0.57  0.23 339.7
 BOS 20020715  7.62  5.73  0.03  0.49  0.32 343.9
 BOS 20020716  7.21  6.08  0.06  0.59  0.35 359.6
 BOS 20020717  7.70  5.32  0.06  0.35  0.32 339.4
 BOS 20020718  8.47  6.48  0.02  0.56  0.27 313.0
 BOS 20020719  8.39  4.95  0.00  0.26  0.30 314.7
 BOS 20020720  8.23  6.66  0.06  0.61  0.24 318.7
 BOS 20020721  8.09  7.16  0.19  0.66  0.14 322.0
 BOS 20020722  8.76  7.66  0.17  0.63  0.19 300.4
 BOS 20020723  8.73  6.90  0.04  0.53  0.34 300.1
 BOS 20020724  8.19  5.27  0.00  0.41  0.22 316.0
 BOS 20020725  8.04  6.34  0.16  0.57  0.08 319.5
 BOS 20020726  7.99  5.54  0.08  0.36  0.28 320.2
 BOS 20020727  7.86  5.78  0.06  0.49  0.23 323.4
 BOS 20020728  7.94  4.37  0.00  0.22  0.26 319.7
 BOS 20020729  7.84  6.53  0.07  0.64  0.24 322.1
 BOS 20020730  8.31  6.77  0.04  0.60  0.30 305.5
 BOS 20020731  7.90  7.18  0.26  0.67  0.07 317.6
 BOS 20020802  8.27  6.24  0.14  0.46  0.19 302.5
 BOS 20020803  8.13  6.12  0.12  0.50  0.16 305.7
 BOS 20020804  8.25  7.02  0.18  0.62  0.13 299.9
 BOS 20020805  8.39  6.48  0.04  0.52  0.31 294.8
 BOS 20020806  7.00  5.76  0.05  0.54  0.39 341.7
 BOS 20020807  6.74  5.41  0.11  0.52  0.27 350.6
 BOS 20020808  6.59  5.00  0.06  0.49  0.29 355.9
 BOS 20020809  6.83  6.15  0.28  0.63  0.07 343.3
 BOS 20020810  8.12  7.02  0.28  0.57  0.07 295.4
 BOS 20020811  7.74  6.53  0.18  0.58  0.17 305.5
 BOS 20020812  7.56  6.09  0.15  0.52  0.21 309.8
 BOS 20020813  7.72  6.33  0.21  0.54  0.12 302.2
 BOS 20020814  7.78  6.66  0.25  0.59  0.07 298.4
 BOS 20020815  7.62  6.46  0.19  0.57  0.18 301.7
 BOS 20020816  7.94  5.94  0.06  0.47  0.29 289.9
 BOS 20020817  7.55  6.61  0.18  0.67  0.12 300.3
 BOS 20020818  7.62  5.63  0.05  0.48  0.27 296.2
 BOS 20020819  7.14  6.38  0.25  0.60  0.15 311.0
 BOS 20020820  7.44  5.10  0.03  0.41  0.27 297.6
 BOS 20020821  6.80  6.33  0.36  0.64  0.00 318.7
 BOS 20020822  7.41  6.31  0.25  0.56  0.10 294.2
 BOS 20020823  6.76  4.22  0.09  0.32  0.15 315.3
 BOS 20020824  7.05  3.02  0.00  0.01  0.26 301.8
 BOS 20020825  6.80  4.58  0.03  0.37  0.30 308.8
 BOS 20020826  6.75  6.01  0.21  0.64  0.15 308.3
 BOS 20020827  6.92  5.73  0.15  0.61  0.14 299.1
 BOS 20020828  7.11  5.37  0.16  0.45  0.17 290.1
 BOS 20020829  7.17  2.77  0.00  0.00  0.17 285.7
 BOS 20020830  6.96  2.84  0.02  0.05  0.12 290.3
 BOS 20020831  6.48  5.57  0.26  0.60  0.05 305.2
 BOS 20020901  6.40  5.90  0.41  0.56  0.01 305.3
 BOS 20020902  6.43  2.63  0.04  0.00  0.16 301.0
 BOS 20020903  6.26  3.21  0.03  0.10  0.29 304.7
 BOS 20020904  6.59  5.53  0.11  0.59  0.26 289.4
 BOS 20020905  5.98  5.28  0.25  0.53  0.22 310.8
 BOS 20020906  5.87  5.38  0.45  0.44  0.10 312.4
 BOS 20020907  5.95  4.91  0.31  0.43  0.12 305.2
 BOS 20020908  6.22  5.76  0.41  0.53  0.06 291.2
 BOS 20020909  6.57  5.96  0.33  0.53  0.15 274.7
 BOS 20020910  6.63  6.09  0.32  0.61  0.08 269.9
 BOS 20020911  6.31  4.10  0.00  0.30  0.39 277.7
 BOS 20020912  5.23  4.77  0.32  0.59  0.09 321.7
 BOS 20020913  5.22  4.67  0.25  0.62  0.12 318.5
 BOS 20020914  5.49  4.42  0.14  0.58  0.14 301.2
 BOS 20020915  5.78  2.59  0.07  0.04  0.15 285.4
 BOS 20020916  5.67  2.71  0.09  0.11  0.09 286.4
 BOS 20020917  5.25  4.50  0.20  0.53  0.24 301.6
 BOS 20020918  5.28  4.77  0.37  0.52  0.09 296.5
 BOS 20020919  5.28  4.63  0.35  0.49  0.10 292.8
 BOS 20020920  5.49  4.81  0.29  0.50  0.18 279.2
 BOS 20020921  5.40  4.82  0.30  0.53  0.16 279.3
 BOS 20020922  5.29  3.57  0.15  0.35  0.13 280.5
 BOS 20020923  5.09  2.21  0.01  0.00  0.27 286.2
 BOS 20020924  4.99  3.52  0.08  0.40  0.25 286.9
 BOS 20020925  5.04  4.27  0.25  0.54  0.12 280.5
 BOS 20020926  5.23  3.21  0.12  0.19  0.26 268.0
 BOS 20020927  5.37  2.02  0.01  0.03  0.09 258.2
 BOS 20020928  5.11  3.88  0.09  0.42  0.34 265.2
 BOS 20020929  4.92  4.07  0.27  0.49  0.11 270.0
 BOS 20020930  4.55  3.57  0.24  0.45  0.11 284.5
 BOS 20021001  4.46  3.91  0.30  0.48  0.19 284.6
 BOS 20021002  4.57  2.88  0.23  0.17  0.15 274.6
 BOS 20021003  4.85  2.74  0.06  0.19  0.24 256.9
 BOS 20021004  4.55  2.56  0.21  0.18  0.00 267.5
 BOS 20021005  4.51  2.80  0.18  0.23  0.12 265.1
 BOS 20021006  4.36  3.57  0.50  0.24  0.06 268.1
 BOS 20021007  4.34  1.95  0.04  0.07  0.16 264.7
 BOS 20021008  3.76  3.24  0.49  0.30  0.10 294.5
 BOS 20021009  3.74  2.28  0.14  0.24  0.15 291.5
 BOS 20021010  3.62  2.56  0.24  0.31  0.12 294.7
 BOS 20021011  3.57  1.74  0.18  0.08  0.01 293.4
 BOS 20021012  3.54  1.13  0.00  0.00  0.01 290.7
 BOS 20021013  3.59  1.33  0.08  0.00  0.00 282.2
 BOS 20021014  3.41  3.16  0.56  0.30  0.14 290.3
 BOS 20021015  3.24  2.73  0.58  0.22  0.02 298.0
 BOS 20021016  3.36  1.06  0.00  0.00  0.00 283.7
 BOS 20021017  3.19  2.82  0.41  0.40  0.15 291.8
 BOS 20021018  2.89  2.48  0.29  0.44  0.22 312.4
 BOS 20021019  2.81  1.33  0.00  0.14  0.19 315.1
 BOS 20021020  2.67  2.45  0.49  0.36  0.15 324.3
 BOS 20021021  2.67  2.19  0.28  0.38  0.23 318.1
 BOS 20021022  2.64  2.16  0.39  0.28  0.19 316.1
 BOS 20021023  2.65  1.84  0.24  0.26  0.16 309.0
 BOS 20021024  2.62  2.18  0.40  0.33  0.13 306.7
 BOS 20021025  2.45  1.91  0.31  0.36  0.11 319.2
 BOS 20021026  2.52  0.88  0.05  0.00  0.00 305.9
 BOS 20021027  2.36  2.21  0.54  0.36  0.11 318.0
 BOS 20021028  2.28  1.57  0.00  0.44  0.29 321.6
 BOS 20021029  2.41  2.05  0.51  0.28  0.07 301.3
 BOS 20021030  2.47  1.40  0.00  0.27  0.23 290.0
 BOS 20021031  2.13  1.45  0.08  0.38  0.22 325.3
 BOS 20021101  1.98  1.20  0.07  0.25  0.24 342.7
 BOS 20021102  1.76  1.50  0.47  0.29  0.12 375.7
 BOS 20021103  1.81  1.69  0.53  0.37  0.11 359.4
 BOS 20021104  1.92  0.92  0.00  0.14  0.20 334.3
 BOS 20021105  1.98  1.56  0.33  0.34  0.12 317.6
 BOS 20021106  2.21  0.75  0.00  0.00  0.06 282.4
 BOS 20021107  1.79  1.64  0.50  0.32  0.18 335.7
 BOS 20021108  1.88  1.62  0.28  0.49  0.17 316.2
 BOS 20021109  1.92  1.38  0.08  0.41  0.28 306.0
 BOS 20021110  1.89  1.24  0.08  0.39  0.15 304.6
 BOS 20021111  2.02  0.98  0.05  0.13  0.14 282.6
 BOS 20021112  1.95  0.72  0.00  0.03  0.08 286.8
 BOS 20021113  1.93  0.71  0.00  0.02  0.10 286.2
 BOS 20021114  1.60  1.31  0.39  0.31  0.14 333.3
 BOS 20021115  1.71  1.20  0.05  0.41  0.28 308.2
 BOS 20021116  1.68  0.58  0.00  0.00  0.07 308.5
 BOS 20021117  1.84  0.58  0.00  0.00  0.00 277.6
 BOS 20021118  1.54  1.29  0.34  0.36  0.20 324.0
 BOS 20021119  1.77  1.07  0.01  0.35  0.20 281.6
 BOS 20021120  1.60  1.12  0.05  0.41  0.27 304.7
 BOS 20021121  1.60  0.81  0.00  0.22  0.15 300.1
 BOS 20021122  1.66  0.62  0.00  0.04  0.08 287.0
 BOS 20021123  1.35  0.97  0.17  0.30  0.28 342.1
 BOS 20021124  1.45  1.27  0.33  0.44  0.19 315.8
 BOS 20021125  1.53  1.07  0.18  0.34  0.15 296.1
 BOS 20021126  1.55  1.24  0.35  0.34  0.12 288.6
 BOS 20021127  1.37  0.59  0.00  0.09  0.16 319.9
 BOS 20021128  1.24  1.09  0.37  0.38  0.22 347.3
 BOS 20021129  1.37  0.80  0.00  0.30  0.23 314.7
 BOS 20021130  1.24  0.71  0.00  0.26  0.25 342.5
 BOS 20021201  1.06  0.90  0.22  0.44  0.31 394.7
 BOS 20021202  1.28  0.73  0.00  0.24  0.27 324.9
 BOS 20021203  1.18  0.98  0.39  0.32  0.16 347.4
 BOS 20021204  1.15  1.09  0.62  0.30  0.08 353.0
 BOS 20021205  1.30  0.77  0.00  0.33  0.21 310.7
 BOS 20021206  1.25  0.85  0.14  0.36  0.15 319.3
 BOS 20021207  1.25  1.08  0.27  0.46  0.23 315.3
 BOS 20021208  1.19  0.96  0.19  0.49  0.20 330.3
 BOS 20021209  1.11  1.06  0.67  0.31  0.02 353.1
 BOS 20021210  1.31  1.12  0.23  0.47  0.26 298.8
 BOS 20021211  1.30  0.83  0.23  0.23  0.08 299.6
 BOS 20021212  1.25  0.44  0.00  0.00  0.09 310.2
